-1.21978
-1.60366
-2.17949
-1.69963
0.12381
1.37143
-2.85128
-2.17949
-1.7956
-4.00293
-0.739927
0.12381
0.507692
0.0278388
-0.164103
0.891575
2.13919
1.94725
-0.0681319
-0.739927
-1.21978
-2.85128
-6.49817
-6.21026
-2.37143
-3.90696
0.12381
2.33114
3.29084
-3.23516
-1.41172
-3.42711
-6.78608
-5.44249
-3.33114
-4.0989
-0.643956
-3.52308
-5.53846
-5.7304
-3.23516
-4.0989
-5.7304
-3.61905
-6.11429
-3.23516
-3.90696
-4.86667
-5.34652
-5.53846
-6.30623
-0.643956
-2.94725
-4.48278
-4.57875
-2.94725
-0.739927
-1.41172
0.987546
2.23516
1.4674
5.21026
1.94725
0.699634
0.0278388
0.699634
2.23516
-1.89158
-0.547985
0.411722
3.57875
-0.0681319
1.94725
1.37143
4.25055
7.80147
6.74579
4.92234
7.41758
5.30623
8.28132
8.28132
3.00293
3.86667
0.699634
4.44249
4.15458
3.96264
2.71502
3.38681
7.12967
9.52894
10.1048
5.59414
2.33114
1.17949
2.23516
-1.50769
1.27546
3.57875
0.699634
3.86667
1.65934
0.795604
-0.0681319
2.42711
0.411722
-0.931868
-1.69963
-2.85128
-2.85128
-0.356044
1.4674
4.53846
5.88205
2.81099
-0.0681319
1.17949
0.699634
1.56337
-2.4674
-0.739927
0.0278388
1.27546
1.17949
2.52308
1.65934
2.04322
-0.452015
0.987546
3.67473
5.4022
7.89744
9.43297
2.71502
4.25055
-0.547985
1.56337
1.37143
4.82637
5.11429
3.67473
2.81099
0.315751
0.603663
2.71502
2.33114
1.56337
2.81099
3.29084
0.987546
-2.75531
-1.98755
-5.82637
-5.25055
-2.4674
-4.67473
-1.02784
0.987546
-0.643956
-0.452015
0.315751
-3.13919
0.21978
4.63443
5.11429
5.11429
4.05861
3.86667
0.21978
-0.835897
-1.02784
2.13919
4.53846
2.13919
4.05861
2.90696
2.71502
6.45788
6.07399
4.63443
2.42711
-0.739927
4.05861
4.92234
-1.60366
-5.25055
-0.452015
-4.7707
0.987546
-3.04322
-2.56337
-1.89158
-3.71502
-4.19487
-5.05861
-2.27546
-0.164103
1.4674
-4.57875
-2.75531
-3.90696
-2.27546
4.53846
5.97802
9.24103
10.9685
10.2967
7.32161
-0.452015
1.75531
2.23516
5.69011
9.24103
8.76117
11.0645
12.4081
10.1048
9.24103
9.52894
11.7363
11.1604
9.52894
11.0645
11.7363
6.93773
6.16996
6.74579
6.07399
6.55385
5.78608
1.56337
-0.931868
-1.12381
0.603663
0.12381
3.0989
5.97802
6.74579
8.37729
7.70549
7.89744
4.82637
0.21978
0.603663
-1.41172
-2.4674
-1.89158
-1.12381
-0.739927
0.315751
-0.260073
-5.92234
-1.89158
-0.164103
-2.94725
-2.56337
-1.02784
0.699634
1.65934
0.795604
3.38681
-0.260073
-0.835897
-2.94725
-1.31575
1.56337
1.17949
-3.42711
-1.12381
-0.739927
-4.0989
-9.56923
-4.7707
-4.86667
-3.13919
-3.81099
-4.0989
-2.85128
-2.94725
-6.30623
-6.11429
-6.49817
-4.67473
-7.16996
-6.49817
-8.12967
-6.97802
-8.12967
-2.17949
0.12381
-1.69963
-0.260073
-1.50769
1.65934
0.411722
-1.12381
-3.13919
-4.19487
-6.88205
-7.64982
-8.89744
-8.80147
-11.5846
-9.37729
-6.59414
-5.63443
-8.60952
-7.74579
-6.30623
-7.07399
-7.84176
-10.433
-9.85714
-8.0337
-7.3619
-4.86667
-5.05861
-7.26593
-7.74579
-8.41758
-9.37729
-11.9685
-11.8725
-11.7766
-12.1604
-12.4484
-7.45788
-9.47326
-11.4886
-12.0645
-13.8879
-9.47326
-11.0088
-6.59414
-7.64982
-4.57875
-4.67473
-8.32161
-7.84176
-7.07399
-8.12967
-7.84176
-4.96264
-0.931868
-3.13919
-6.01832
-4.38681
-7.16996
-5.7304
-5.34652
-8.89744
-7.93773
-8.0337
-8.32161
-7.3619
-10.241
-8.41758
-10.1451
-9.08938
-7.64982
-5.15458
-6.78608
-9.85714
-5.53846
-1.60366
-0.452015
-1.12381
-8.32161
-7.07399
-7.3619
-5.63443
-7.3619
-1.31575
2.71502
-0.835897
-0.452015
-2.17949
-3.71502
-0.260073
2.52308
0.507692
-0.547985
3.00293
-2.94725
-0.164103
-2.4674
1.17949
-0.931868
-4.38681
-2.75531
-3.52308
-0.260073
1.37143
-2.75531
-3.61905
-4.00293
-3.33114
-4.67473
-0.356044
1.94725
6.07399
6.74579
4.25055
3.7707
2.61905
6.16996
7.60952
6.55385
6.84176
9.43297
6.45788
5.4022
5.78608
5.11429
3.96264
3.67473
3.86667
2.23516
1.94725
2.04322
-0.356044
5.69011
5.49817
4.25055
5.49817
4.92234
5.4022
2.71502
4.15458
2.52308
3.57875
3.0989
5.97802
7.41758
4.53846
5.88205
5.97802
6.3619
9.04908
6.45788
6.45788
4.25055
5.21026
4.25055
6.64982
7.32161
9.52894
9.72088
8.47326
8.76117
5.59414
4.25055
7.12967
6.26593
3.00293
2.13919
0.12381
4.25055
2.71502
5.4022
6.93773
4.53846
7.12967
4.34652
-1.21978
-1.60366
1.85128
-4.19487
-1.21978
0.411722
2.23516
2.71502
4.05861
0.987546
0.507692
-2.17949
-1.31575
1.27546
2.04322
5.59414
4.05861
1.37143
-0.547985
3.67473
5.01832
4.05861
2.04322
1.65934
0.987546
2.04322
-0.164103
-0.643956
-2.17949
-0.931868
-2.08352
-5.53846
-6.01832
-1.7956
-1.50769
-1.98755
-0.643956
2.23516
0.315751
0.987546
-0.164103
1.17949
-1.21978
-2.4674
-3.04322
3.7707
-5.05861
-0.931868
4.44249
0.507692
-4.38681
-4.00293
-2.56337
-1.98755
-3.23516
-3.23516
-2.65934
-1.7956
-2.65934
-1.89158
-0.547985
-3.52308
-1.31575
-1.7956
-0.643956
-2.37143
-3.42711
-3.23516
-2.94725
-4.0989
-8.70549
-7.45788
-3.04322
-8.41758
-6.88205
-4.38681
-4.57875
-3.71502
-1.50769
-5.53846
-4.57875
-4.0989
-3.81099
-5.25055
-4.19487
-4.67473
-4.96264
-7.45788
-8.99341
-4.96264
-5.53846
-6.69011
-9.08938
-9.37729
-10.241
-10.241
-11.2967
-8.22564
-1.60366
0.795604
2.23516
0.315751
-1.98755
0.21978
-4.29084
-3.71502
-0.260073
2.13919
4.05861
5.21026
6.74579
4.7304
7.80147
10.6806
7.32161
9.04908
9.52894
9.91282
9.81685
3.48278
5.59414
6.26593
5.97802
7.12967
9.14505
10.3927
8.95311
13.2718
5.97802
4.25055
3.00293
5.30623
8.47326
7.99341
5.78608
6.93773
8.76117
8.85714
5.88205
5.49817
7.89744
11.0645
5.88205
5.30623
5.21026
4.34652
1.56337
0.603663
-3.13919
-2.27546
2.42711
4.34652
4.25055
1.65934
1.4674
1.56337
3.38681
5.21026
4.15458
2.81099
3.0989
4.34652
3.19487
5.69011
5.11429
9.72088
5.59414
8.37729
3.48278
3.00293
1.75531
-2.08352
-3.13919
-5.53846
-2.85128
0.411722
0.507692
7.51355
4.15458
5.88205
2.04322
4.53846
7.12967
4.25055
0.987546
5.69011
6.07399
4.25055
6.07399
4.63443
7.99341
8.18535
7.32161
3.67473
5.01832
4.82637
1.17949
1.85128
3.67473
0.603663
3.0989
-0.739927
1.85128
2.23516
4.63443
1.75531
2.33114
3.86667
5.49817
7.89744
4.92234
4.25055
1.94725
3.96264
1.27546
3.7707
6.07399
2.52308
1.85128
-3.23516
0.699634
-0.643956
-0.643956
-2.27546
-1.41172
-2.65934
-2.17949
-4.38681
-5.05861
-10.6249
-8.12967
-9.56923
-5.34652
-6.59414
-5.44249
-8.32161
-6.88205
-9.18535
-9.18535
-7.26593
-5.44249
-4.7707
-7.55385
-8.89744
-10.9128
-9.28132
-10.5289
-8.22564
-5.7304
-6.59414
-4.7707
-6.21026
-6.30623
-4.57875
-7.45788
-9.08938
-6.21026
-3.52308
-0.452015
-0.643956
3.29084
-5.53846
-10.5289
-9.56923
-6.97802
-2.08352
-1.89158
1.37143
-2.27546
-5.05861
-3.42711
-2.08352
-1.41172
0.987546
1.85128
-0.931868
-3.33114
-1.12381
-4.0989
-0.835897
-1.7956
-4.48278
-1.31575
-7.07399
-7.16996
-3.71502
-2.4674
-5.25055
-1.02784
2.42711
4.34652
6.07399
7.70549
6.74579
3.67473
1.94725
5.01832
2.04322
-0.164103
-0.452015
-0.452015
0.21978
4.92234
1.65934
6.3619
4.82637
3.48278
4.63443
0.987546
2.13919
1.27546
0.411722
2.42711
1.85128
3.86667
4.15458
9.337
5.49817
-0.356044
1.37143
-2.65934
-2.65934
-1.12381
2.81099
2.42711
2.81099
3.29084
3.29084
8.08938
7.41758
5.4022
5.11429
9.43297
0.315751
3.38681
0.315751
-0.739927
2.33114
4.25055
6.26593
6.93773
8.6652
6.16996
8.47326
5.11429
9.52894
9.62491
9.81685
6.74579
8.37729
2.42711
3.86667
6.16996
5.30623
2.52308
5.30623
1.27546
-0.164103
1.27546
4.44249
7.60952
8.85714
6.3619
6.64982
7.51355
8.08938
5.4022
5.69011
5.49817
6.07399
5.97802
3.57875
3.96264
3.19487
3.38681
3.38681
4.92234
2.04322
3.19487
-4.7707
-7.26593
-2.75531
-4.57875
-2.17949
-3.81099
-4.0989
-8.41758
-8.51355
-7.26593
-7.3619
-3.42711
-7.45788
-4.19487
-1.12381
2.13919
-1.60366
-2.85128
-2.75531
0.891575
2.42711
2.23516
1.75531
-0.643956
2.71502
2.13919
1.37143
4.15458
5.59414
1.94725
3.29084
0.987546
-0.547985
-6.21026
-1.98755
-1.41172
1.17949
-0.547985
-1.12381
-3.04322
-2.75531
-3.23516
-1.69963
0.507692
-2.4674
-2.27546
-1.31575
1.4674
-2.56337
-5.44249
-1.41172
-1.21978
-5.44249
-2.4674
-6.30623
-5.82637
-3.52308
-3.13919
-3.90696
-3.90696
-0.547985
-4.00293
-5.25055
-3.61905
0.795604
-2.56337
0.12381
-1.21978
-0.835897
-4.19487
-2.75531
-5.25055
0.507692
-3.71502
-0.0681319
1.65934
-0.547985
-0.931868
-1.12381
-4.48278
-4.0989
-1.12381
1.65934
2.04322
2.04322
1.4674
-2.56337
-0.452015
1.75531
-0.547985
-3.90696
-3.33114
-3.13919
-3.90696
-4.57875
-6.30623
-2.4674
-2.94725
-4.00293
-4.86667
-0.452015
-2.75531
-1.50769
-3.04322
-3.04322
-6.30623
-7.16996
-10.1451
-3.61905
-3.04322
-3.52308
-4.38681
-3.90696
-1.31575
-2.94725
-4.38681
-7.07399
-4.19487
1.4674
-0.356044
-0.739927
-0.739927
1.94725
-1.02784
-5.25055
-5.44249
-4.00293
-2.37143
-2.75531
-4.19487
-2.75531
0.12381
-1.69963
-1.89158
-1.21978
1.37143
0.699634
-1.41172
1.37143
-2.4674
0.699634
-3.52308
-5.15458
-5.53846
-6.69011
-5.34652
-2.85128
-0.931868
-2.56337
-6.88205
-6.01832
-7.16996
-5.82637
-4.57875
-5.34652
-3.61905
-2.17949
-6.59414
-6.49817
-7.64982
-5.63443
-2.27546
0.0278388
-2.37143
-1.31575
-5.44249
-1.7956
-4.48278
-2.94725
-3.71502
-5.25055
-8.51355
-9.08938
-5.7304
-8.0337
-8.60952
-8.89744
-6.4022
-6.11429
0.603663
-0.835897
-3.52308
-4.00293
-1.31575
0.0278388
1.56337
0.0278388
0.0278388
-1.50769
-4.7707
-2.27546
-1.60366
-4.86667
-5.53846
-1.12381
-0.739927
-13.1201
-12.9282
-1.12381
-3.71502
-3.90696
-3.61905
-3.23516
-0.356044
2.04322
-2.17949
0.891575
-2.08352
-7.64982
-0.835897
-4.96264
-1.7956
-2.85128
-6.49817
-6.97802
-4.86667
-3.52308
-3.71502
-1.98755
-3.42711
-2.4674
-3.61905
0.603663
-3.23516
1.75531
-7.26593
-1.60366
-2.75531
-4.48278
-1.69963
-1.98755
-0.260073
1.65934
5.01832
-2.85128
-2.37143
0.12381
2.61905
3.00293
4.44249
0.699634
-0.739927
-1.7956
2.42711
0.987546
1.17949
3.29084
5.97802
7.60952
3.00293
6.16996
1.75531
6.74579
2.71502
7.80147
8.6652
8.95311
2.71502
4.92234
3.00293
4.15458
1.4674
2.90696
6.84176
12.4081
6.16996
8.28132
-6.21026
13.9436
-6.01832
2.90696
3.48278
1.75531
7.12967
9.62491
12.504
15.3832
11.9282
12.9839
14.4234
11.1604
13.3678
11.9282
13.6557
14.0396
14.2315
8.76117
9.337
10.2967
8.18535
4.15458
9.52894
4.7304
1.94725
-2.17949
-1.89158
0.699634
1.27546
2.04322
0.603663
-1.50769
0.12381
-0.0681319
3.48278
1.27546
1.17949
-1.12381
-2.37143
-1.02784
-4.19487
-2.4674
-2.56337
-0.260073
2.90696
-9.08938
-5.92234
-8.41758
-3.52308
-1.41172
-0.835897
-3.90696
-7.45788
-2.17949
-5.15458
-5.82637
-6.21026
0.315751
-3.42711
2.42711
-4.29084
0.12381
0.411722
-3.23516
-1.02784
-4.19487
-3.33114
-2.85128
-2.94725
-6.59414
-4.48278
-1.31575
-3.71502
-1.21978
-1.50769
-3.42711
-6.4022
-4.00293
-4.57875
-6.30623
-3.81099
-3.13919
-2.17949
-0.739927
4.82637
-2.27546
2.61905
-1.7956
3.0989
2.23516
-3.90696
-0.452015
1.27546
-3.90696
-7.64982
0.699634
-1.60366
0.795604
0.411722
-2.75531
0.411722
-3.42711
-0.835897
-5.44249
-4.86667
-7.74579
-5.92234
-8.70549
-9.76117
-6.97802
-5.34652
-7.64982
-7.55385
-8.0337
-8.51355
-6.30623
-7.74579
-3.42711
-4.67473
-7.64982
-10.337
-11.9685
-10.337
-8.80147
-11.7766
-13.4081
-15.2315
-19.0703
-15.2315
-12.4484
-11.5846
-8.41758
-9.18535
-9.56923
-3.71502
-5.25055
-9.47326
-12.5443
-10.7209
-14.3678
-8.70549
-11.8725
-10.241
-13.2161
-9.28132
-12.1604
-8.89744
-9.08938
-7.3619
-6.59414
-8.41758
-9.28132
-1.60366
0.21978
-0.356044
0.507692
1.27546
1.37143
-1.50769
-1.69963
-3.04322
-4.57875
-6.01832
-6.4022
-2.4674
-0.164103
-1.7956
-2.37143
0.21978
-2.94725
-1.98755
-1.50769
-1.21978
0.411722
-0.547985
-1.69963
-0.547985
0.987546
2.61905
7.12967
4.92234
2.23516
-0.739927
0.507692
1.56337
3.38681
-2.37143
-2.65934
-2.27546
-3.13919
-2.4674
-4.19487
-7.26593
-4.00293
-8.60952
-9.95311
-8.0337
-5.7304
-3.90696
-0.452015
-0.0681319
3.38681
2.81099
4.05861
-0.356044
-2.37143
1.27546
0.12381
-1.50769
1.94725
2.52308
-4.19487
2.04322
-2.56337
0.507692
2.42711
1.17949
5.97802
3.0989
1.27546
-2.85128
1.27546
1.85128
1.37143
2.71502
5.21026
2.61905
3.38681
2.61905
0.987546
-0.356044
0.987546
3.38681
5.11429
7.99341
-1.21978
2.04322
3.38681
3.29084
2.71502
2.04322
3.96264
1.94725
5.01832
5.11429
2.61905
9.337
-3.52308
2.61905
2.04322
7.12967
-3.81099
1.27546
-0.452015
0.891575
3.7707
-1.12381
-2.37143
-4.57875
-2.75531
1.65934
-0.547985
1.17949
-2.75531
-1.98755
-0.452015
-2.94725
1.75531
3.67473
3.57875
5.78608
7.0337
9.24103
3.48278
5.97802
1.65934
6.3619
6.45788
4.25055
4.82637
7.70549
7.89744
9.62491
8.37729
9.14505
7.60952
4.05861
2.33114
2.52308
7.32161
9.52894
10.9685
5.21026
2.90696
-0.835897
-1.7956
-1.12381
-3.04322
-1.89158
-4.57875
-2.37143
-6.11429
-1.69963
-1.60366
-0.835897
-0.835897
1.65934
4.53846
-1.31575
1.56337
2.04322
1.27546
1.17949
1.56337
3.67473
9.91282
4.63443
5.30623
4.53846
7.41758
5.97802
6.26593
3.67473
5.11429
4.05861
-2.4674
-9.56923
-6.59414
-5.53846
-2.17949
-0.547985
-0.356044
-0.356044
-0.164103
2.04322
2.61905
3.7707
4.25055
0.12381
1.65934
2.90696
2.04322
-0.739927
-1.50769
-0.931868
-0.835897
-0.739927
-0.452015
-3.33114
-5.25055
-4.7707
-7.16996
-6.97802
-4.67473
-9.56923
-8.60952
-7.55385
-5.82637
-7.07399
-7.55385
-8.51355
-8.22564
-8.60952
-3.23516
-2.08352
1.56337
5.49817
6.26593
4.25055
-2.08352
5.21026
3.0989
6.93773
4.15458
8.08938
4.7304
5.69011
5.30623
9.04908
9.91282
10.4886
12.4081
11.3524
10.8725
10.7766
12.2161
10.3927
13.2718
12.4081
12.1201
11.4484
11.1604
7.0337
6.26593
7.60952
3.19487
6.3619
-3.13919
2.23516
-2.27546
-1.02784
-6.11429
-3.52308
0.315751
-5.63443
-7.3619
-9.08938
-5.05861
-4.29084
-5.34652
-2.75531
3.67473
5.01832
1.85128
1.75531
1.27546
0.0278388
-1.12381
0.507692
2.23516
4.82637
8.85714
2.13919
2.42711
3.00293
6.64982
1.27546
3.57875
6.3619
6.3619
4.53846
3.29084
1.85128
0.21978
0.987546
0.987546
1.56337
4.82637
2.90696
2.90696
1.85128
-0.164103
4.53846
2.71502
2.04322
2.90696
-1.12381
5.59414
3.86667
5.88205
5.30623
6.26593
7.32161
7.32161
7.41758
4.92234
3.0989
1.56337
-2.08352
1.37143
1.56337
3.19487
2.33114
2.13919
-0.356044
1.65934
1.37143
0.603663
3.7707
11.9282
3.7707
7.12967
7.80147
10.7766
12.696
11.7363
5.59414
3.0989
-0.356044
0.603663
1.85128
3.00293
5.78608
3.57875
6.16996
3.48278
1.4674
2.04322
3.38681
4.05861
1.65934
-1.60366
-3.13919
1.08352
5.97802
2.52308
3.57875
1.08352
3.96264
0.12381
0.0278388
1.56337
-0.739927
1.27546
1.27546
1.75531
0.0278388
-2.85128
-7.3619
-2.56337
-10.241
-9.28132
-9.47326
-10.337
-9.95311
-8.32161
-11.4886
-13.4081
-13.6
-11.9685
-6.97802
-13.504
-15.1355
-23.389
-19.1663
-17.8227
-16.6711
-15.4234
-10.6249
-12.5443
-5.44249
-5.92234
-7.07399
-8.22564
-7.64982
-10.433
-7.16996
-2.56337
-2.75531
-3.71502
-8.80147
-14.1758
-9.37729
-8.70549
-11.2967
-7.93773
-6.59414
-3.42711
-1.69963
-3.04322
-2.4674
-8.32161
-4.19487
-3.04322
-4.48278
-2.17949
-1.69963
-0.835897
3.0989
1.17949
1.56337
-0.0681319
-8.22564
-4.29084
4.82637
4.15458
3.38681
7.32161
1.37143
2.23516
-0.931868
-2.65934
-3.13919
1.56337
-3.33114
0.507692
-1.21978
2.90696
8.28132
2.71502
0.411722
-1.7956
0.795604
-1.98755
-2.17949
1.08352
3.57875
4.05861
3.0989
5.49817
1.94725
-1.60366
0.315751
-1.60366
2.52308
7.70549
4.05861
6.74579
3.7707
1.56337
-2.17949
1.17949
2.13919
4.25055
2.23516
3.19487
0.987546
-2.37143
-1.50769
-0.739927
0.507692
2.33114
-2.37143
-4.38681
-5.82637
-0.164103
1.4674
4.25055
6.84176
7.60952
8.37729
7.0337
3.48278
2.71502
7.0337
5.59414
4.34652
10.2967
8.6652
9.52894
6.45788
10.0088
7.41758
4.92234
2.52308
5.11429
5.11429
13.4637
19.126
25.748
25.4601
24.5963
20.2777
11.1604
5.69011
3.48278
4.44249
8.28132
21.6212
26.6117
33.0418
37.8403
34.6733
31.2183
14.6154
9.62491
8.08938
16.2469
20.3736
26.2278
24.4044
29.7788
27.9553
27.0916
24.5004
24.4044
18.9341
17.2066
15.4791
17.0147
17.3985
22.485
21.1414
26.5158
21.9092
26.8996
25.652
21.9092
21.7172
22.1971
17.9744
14.0396
10.7766
7.70549
3.00293
4.34652
1.37143
5.01832
9.43297
5.49817
9.14505
4.34652
-0.164103
-4.96264
-6.49817
1.17949
3.57875
11.0645
11.6403
12.2161
11.6403
7.41758
10.3927
8.95311
8.18535
7.12967
2.90696
3.29084
3.0989
4.63443
6.07399
5.01832
4.05861
-1.60366
0.891575
-4.29084
2.13919
2.52308
-3.42711
-3.90696
-4.96264
0.795604
1.37143
3.0989
4.53846
-4.00293
-1.31575
-2.85128
-1.98755
-2.27546
-4.00293
-1.02784
-1.89158
-4.38681
3.29084
-4.00293
-7.3619
-10.8168
-13.9839
-15.9993
-15.9033
-13.1201
-17.4388
-13.8879
-5.7304
-6.59414
-0.164103
-7.45788
-7.64982
-10.433
-11.7766
-8.12967
-2.75531
-6.30623
1.56337
-1.21978
-4.7707
-10.1451
-11.2007
-6.21026
-9.95311
-7.45788
-8.32161
-6.4022
-5.25055
-4.57875
-8.60952
-5.92234
-8.51355
-6.11429
-8.70549
-7.55385
-6.78608
-7.16996
-9.6652
-8.60952
-6.21026
-8.51355
-8.89744
-9.95311
-8.12967
-8.22564
-12.0645
-10.433
-11.3927
-9.47326
-10.5289
-11.2007
-4.96264
-8.89744
-10.6249
-9.85714
-5.05861
-11.7766
-7.07399
-9.6652
-12.8322
-9.76117
-10.1451
-9.47326
-8.80147
-13.1201
-12.7363
-9.08938
-15.3275
-16.0952
-14.7516
-11.9685
-6.11429
-7.93773
-14.2718
-13.2161
-13.696
-17.2469
-15.4234
-15.0396
-14.0799
-16.0952
-19.1663
-15.7114
-16.2872
-13.2161
-15.0396
-11.2007
-19.1663
-20.7018
-19.7421
-22.4293
-19.2623
-21.6615
-20.4139
-18.2066
-17.6308
-14.2718
-8.99341
-10.337
-4.86667
-7.16996
-8.80147
-6.69011
-7.55385
-10.7209
-8.32161
-7.55385
-6.01832
-10.5289
-7.84176
-8.89744
-7.84176
-10.0491
-5.25055
-8.80147
-5.15458
-5.44249
-7.55385
-2.94725
-4.00293
-6.30623
-2.75531
-9.28132
-5.7304
-3.33114
-6.59414
-3.61905
-7.16996
-9.28132
-12.5443
-8.60952
-16.959
-7.16996
-8.32161
-4.00293
-7.93773
-5.92234
-7.74579
-7.84176
-6.97802
0.411722
-4.29084
-5.25055
-8.60952
-7.55385
-6.78608
-9.47326
-2.94725
-6.11429
-0.643956
-2.08352
0.12381
-3.04322
-5.25055
-8.12967
-13.3121
-14.1758
-12.4484
-15.1355
-10.337
-15.0396
-9.37729
-15.1355
-8.70549
-1.02784
-7.45788
-9.37729
-5.92234
-5.25055
-8.51355
-1.89158
-2.65934
-1.21978
-4.19487
-2.4674
-1.98755
-4.48278
-4.96264
-1.60366
2.33114
-5.82637
-9.28132
-2.08352
-12.0645
-6.21026
-3.42711
-2.37143
-0.835897
-1.89158
-6.30623
-5.7304
-7.45788
-7.93773
-4.67473
-7.74579
-7.55385
-13.2161
-11.8725
-11.6806
-8.80147
-10.433
-10.6249
-7.16996
-5.63443
-12.2564
-11.2967
-11.5846
-8.32161
-10.433
-10.241
-8.89744
-13.3121
-9.85714
-5.92234
-8.32161
-0.547985
9.81685
-0.164103
-5.63443
-7.55385
-2.75531
-4.38681
-7.45788
-4.00293
-1.21978
-3.04322
-7.3619
-1.60366
1.4674
-2.85128
-2.65934
-4.29084
-1.41172
-3.42711
1.65934
-1.21978
-3.71502
-3.04322
-3.04322
2.81099
2.81099
-1.12381
-0.835897
7.51355
6.55385
7.70549
12.504
10.7766
12.696
9.81685
5.49817
2.04322
9.04908
3.38681
6.55385
5.21026
7.22564
5.97802
3.7707
7.51355
9.72088
9.43297
8.56923
6.45788
4.92234
0.12381
-0.164103
-0.835897
-2.56337
0.987546
-8.32161
0.21978
0.987546
-0.643956
3.19487
5.21026
4.44249
3.48278
-1.12381
-0.0681319
-0.356044
1.08352
2.13919
4.7304
5.4022
7.41758
11.0645
7.89744
9.24103
6.16996
3.96264
4.05861
6.07399
4.15458
1.08352
-1.21978
-4.57875
1.85128
1.75531
0.795604
2.04322
1.4674
3.7707
0.603663
7.99341
0.987546
11.3524
6.64982
-1.60366
3.0989
1.75531
2.04322
2.90696
4.44249
-0.356044
-0.835897
-1.7956
-2.27546
-1.98755
-0.835897
-2.75531
2.04322
3.67473
2.71502
0.603663
4.82637
5.59414
6.16996
8.47326
5.69011
8.08938
4.92234
2.81099
5.11429
10.1048
7.99341
4.53846
4.05861
2.81099
4.15458
4.25055
0.795604
-3.90696
-3.04322
-2.4674
1.37143
1.65934
0.315751
3.7707
3.38681
2.90696
-0.260073
2.42711
1.37143
5.4022
3.48278
2.81099
0.315751
-1.7956
-1.7956
-0.547985
1.37143
2.90696
0.21978
-4.29084
1.75531
1.4674
1.27546
-0.0681319
5.4022
3.38681
3.7707
4.53846
8.85714
5.4022
6.3619
7.60952
5.59414
5.59414
5.4022
2.42711
-0.356044
5.21026
1.17949
1.56337
3.57875
2.90696
3.96264
2.61905
-1.31575
-3.52308
-0.452015
4.05861
-1.69963
2.33114
2.13919
0.21978
-0.356044
0.891575
-0.931868
-4.48278
-5.82637
-4.57875
-10.9128
-3.23516
-9.37729
-8.60952
-10.5289
11.3524
-14.7516
-9.76117
-10.241
-6.49817
-5.25055
-2.56337
3.0989
5.30623
-0.835897
-0.835897
1.4674
8.08938
10.9685
5.4022
7.0337
13.2718
10.2967
3.38681
3.19487
3.86667
2.33114
4.25055
4.7304
3.57875
0.699634
1.94725
3.57875
3.38681
4.53846
3.7707
4.05861
4.15458
4.7304
2.71502
4.34652
-1.89158
0.603663
-0.452015
-0.260073
0.315751
-0.356044
1.37143
-3.52308
-3.71502
-3.33114
-2.56337
-3.04322
-4.7707
-5.44249
-7.16996
-9.6652
-4.86667
-6.11429
-3.33114
-4.29084
-5.34652
-3.90696
0.315751
1.85128
-0.643956
2.52308
1.75531
1.27546
1.17949
4.25055
1.27546
2.23516
1.56337
7.0337
4.7304
0.507692
-4.7707
-2.17949
-2.94725
-0.643956
-8.60952
-7.93773
-6.49817
-4.96264
-3.61905
-1.12381
-0.931868
-2.85128
-0.164103
-4.38681
-1.02784
0.315751
-1.89158
-0.0681319
-1.60366
-0.260073
-3.71502
-1.98755
-5.25055
-0.547985
-2.65934
-3.81099
-4.0989
-5.7304
-8.41758
-7.55385
-7.3619
-6.30623
-0.739927
0.987546
-25.5963
-16.6711
-13.4081
-7.93773
-3.42711
-3.23516
-4.00293
-6.11429
-5.05861
-2.85128
-3.23516
-3.81099
-6.01832
-0.356044
-4.57875
-3.42711
1.85128
7.80147
6.26593
9.81685
12.504
11.6403
16.4388
12.0242
12.504
12.7919
8.56923
8.28132
3.67473
2.13919
0.12381
-1.50769
-5.34652
-1.31575
-1.21978
3.86667
-3.23516
-0.164103
-8.89744
-8.12967
-5.7304
-9.56923
-7.84176
-8.22564
-8.0337
-5.82637
-8.0337
-10.0491
-8.70549
-9.18535
-11.1048
-12.2564
-15.0396
-12.3524
-7.45788
-12.4484
-10.1451
-6.78608
-2.85128
-2.56337
-0.356044
-1.02784
1.37143
0.0278388
6.74579
3.48278
-1.50769
-5.82637
-8.22564
-13.8879
-19.5502
-15.7114
-16.863
-11.2007
-9.85714
-8.89744
-9.76117
-7.74579
-6.11429
-5.53846
-4.48278
-5.82637
-3.61905
-1.89158
-0.547985
-4.57875
-5.34652
-2.27546
-2.17949
-2.85128
-1.7956
-3.33114
-3.81099
-1.98755
-3.52308
-1.7956
-2.56337
1.08352
-2.85128
-0.835897
3.29084
3.57875
-0.931868
2.13919
-4.96264
-1.41172
5.49817
1.37143
4.7304
7.12967
8.76117
7.89744
4.53846
10.2967
9.24103
12.9839
9.43297
14.8073
-1.31575
3.19487
-8.99341
-7.74579
-8.41758
-6.4022
-1.41172
-3.42711
1.65934
1.27546
2.90696
2.71502
2.52308
-3.23516
-7.74579
0.603663
-3.52308
-2.27546
-5.15458
-4.29084
-0.931868
-0.260073
-2.27546
1.94725
1.94725
4.05861
6.64982
5.4022
6.26593
2.90696
4.63443
5.01832
6.84176
7.89744
8.37729
9.72088
13.6557
12.4081
10.2967
18.3582
6.07399
9.62491
12.4081
13.4637
8.37729
13.6557
12.8879
9.14505
5.11429
1.37143
1.85128
4.05861
1.27546
11.8322
8.47326
5.11429
-1.7956
13.7516
8.18535
7.41758
7.32161
11.9282
8.6652
11.1604
7.89744
8.76117
8.76117
9.81685
10.8725
13.8476
10.3927
11.1604
8.28132
8.85714
-0.931868
6.3619
6.26593
8.28132
4.34652
18.8381
4.92234
14.9993
15.5751
15.4791
17.3026
17.5905
18.5502
13.6557
11.3524
9.337
15.5751
10.9685
11.0645
12.6
12.3121
8.47326
10.2007
7.60952
-6.30623
6.64982
-3.13919
0.411722
-0.547985
1.65934
-0.835897
-0.0681319
4.82637
1.17949
1.17949
2.81099
-1.21978
-1.98755
-1.21978
-4.7707
-9.18535
-6.88205
-4.96264
-6.88205
2.23516
-2.27546
-0.739927
-2.08352
-8.41758
-4.67473
-6.30623
-9.85714
-5.15458
-0.356044
-1.31575
-0.931868
1.56337
6.84176
1.4674
3.00293
-10.337
-1.7956
-2.94725
-6.11429
-5.63443
1.37143
-4.0989
-2.94725
-6.49817
-3.04322
-4.7707
-4.67473
-3.04322
2.04322
-3.71502
-6.4022
-5.7304
-5.63443
-3.90696
-4.48278
-4.67473
-10.0491
-9.08938
-10.8168
-7.93773
-11.6806
-11.5846
-12.5443
-8.51355
-12.9282
-8.0337
-9.76117
-7.16996
-6.88205
-7.55385
-7.16996
-13.1201
-15.8073
-15.4234
-12.1604
-13.696
-10.1451
-10.1451
-9.76117
-13.7919
-8.80147
-14.0799
-13.6
-11.3927
-9.18535
-10.433
-13.4081
-13.6
-11.9685
-12.7363
-11.7766
-8.89744
-5.7304
-4.86667
-10.7209
-11.6806
-10.7209
-10.241
-3.71502
-1.50769
-6.97802
-2.75531
-4.48278
-3.81099
3.00293
2.04322
-5.92234
-0.356044
-1.31575
3.86667
6.26593
0.603663
-0.643956
-0.643956
-1.02784
-1.31575
-2.27546
-2.94725
-5.92234
-4.86667
-4.38681
-4.19487
-2.08352
-4.0989
0.795604
0.507692
-0.835897
0.699634
-0.547985
-1.12381
0.12381
-2.4674
-5.92234
-4.67473
-8.12967
-10.7209
-8.51355
-5.82637
-3.23516
-0.260073
-1.21978
-6.11429
-3.42711
0.21978
0.795604
5.21026
2.71502
-0.835897
-2.17949
-3.52308
0.411722
-4.96264
-1.50769
-3.52308
-1.12381
-5.25055
-7.26593
-9.76117
-7.55385
-0.931868
6.26593
3.67473
-3.04322
-0.260073
-7.26593
-4.0989
-7.64982
-4.7707
-10.1451
-6.11429
-12.7363
-4.29084
-0.643956
3.86667
1.08352
4.92234
6.74579
7.0337
6.74579
6.84176
0.795604
2.23516
1.37143
5.4022
8.28132
10.3927
13.4637
10.7766
11.5443
10.9685
6.74579
5.88205
3.19487
11.2564
13.7516
12.9839
10.9685
13.2718
14.3275
6.84176
9.04908
10.0088
10.4886
14.2315
2.52308
3.19487
3.29084
1.56337
-0.931868
0.603663
-0.452015
5.30623
3.57875
4.63443
2.61905
4.25055
2.04322
5.49817
0.21978
-2.17949
-2.75531
0.603663
0.507692
-0.452015
0.795604
1.4674
4.05861
4.82637
5.97802
-0.547985
0.0278388
-1.60366
0.507692
-2.75531
-5.15458
-3.33114
-5.34652
-6.30623
-4.38681
-4.57875
-6.4022
-8.32161
-7.74579
-6.4022
-8.70549
-6.11429
-6.49817
-7.45788
-6.01832
-5.53846
-7.74579
-10.5289
-4.7707
-4.29084
-4.00293
-2.08352
-3.04322
-4.0989
-7.45788
-6.97802
-3.90696
-7.26593
-6.30623
-3.13919
-12.4484
-13.1201
-13.504
-10.1451
0.603663
-6.4022
-11.2007
-21.6615
-20.7018
-18.5905
-15.7114
-13.9839
-10.433
-10.433
-7.07399
-6.49817
-2.56337
-4.7707
-5.92234
-3.52308
1.08352
0.12381
-4.29084
-17.3429
-13.3121
-9.28132
-6.4022
-2.4674
0.603663
1.65934
4.63443
3.00293
-3.23516
-9.6652
-8.51355
-6.30623
3.7707
8.47326
11.7363
11.5443
5.97802
-6.59414
-13.7919
-14.4637
-5.15458
2.71502
14.9033
22.1011
22.9648
7.41758
-7.55385
-18.1106
-20.5099
-17.8227
-1.7956
10.7766
20.5656
26.8037
25.844
21.0454
-9.18535
-21.8535
-25.8842
-25.2125
-17.6308
2.71502
15.3832
22.1011
22.9648
22.1011
11.9282
-4.38681
-15.6154
-20.3179
-16.863
-9.08938
3.19487
14.4234
21.4293
24.3084
20.5656
15.3832
9.62491
-5.34652
-15.8073
-14.5597
-6.01832
5.78608
17.3026
17.5905
19.9897
18.6462
7.99341
4.92234
0.411722
0.315751
-0.835897
2.42711
7.12967
13.9436
17.7824
22.9648
23.6366
26.2278
18.0703
14.9993
2.42711
-3.23516
-1.7956
-3.81099
6.45788
11.0645
7.12967
0.21978
1.27546
3.67473
2.61905
-0.164103
2.52308
5.4022
13.1758
14.9993
11.3524
7.51355
1.37143
2.42711
1.75531
-3.42711
0.21978
2.04322
9.81685
14.9993
19.8938
17.5905
10.7766
5.59414
5.49817
6.74579
5.69011
3.67473
9.24103
9.43297
0.795604
7.89744
4.7304
4.25055
7.22564
10.3927
9.337
6.64982
-0.0681319
1.17949
1.37143
11.7363
3.7707
