-7.64982
-9.37729
-9.76117
-3.90696
-8.80147
-10.8168
-13.696
-12.1604
-12.3524
-11.3927
-8.89744
-8.80147
-8.99341
-13.1201
-11.2007
-4.57875
-4.67473
-11.5846
-11.1048
-1.12381
-8.12967
-3.81099
-3.52308
-2.94725
-7.16996
-6.21026
-2.4674
-9.56923
-7.16996
-9.85714
-5.63443
-3.61905
-2.75531
2.61905
2.23516
0.0278388
-1.7956
-3.04322
-2.37143
-4.96264
-4.7707
-6.01832
-4.0989
-2.56337
-1.12381
-1.50769
-3.23516
-2.27546
-1.89158
-2.4674
-2.56337
-2.65934
-10.6249
-7.07399
-8.70549
-7.3619
-4.96264
-8.32161
-4.67473
-2.85128
-4.96264
-5.44249
-3.04322
-5.63443
2.23516
0.795604
-0.452015
-5.05861
-0.643956
0.411722
-0.547985
3.86667
0.411722
3.67473
0.795604
-1.02784
1.75531
5.21026
5.01832
3.86667
3.57875
4.92234
4.92234
2.90696
2.42711
-4.86667
-7.07399
0.411722
1.4674
2.61905
3.0989
2.23516
1.08352
1.08352
2.71502
-0.164103
-4.00293
0.795604
-1.41172
3.29084
-1.12381
1.94725
1.56337
1.4674
5.30623
5.21026
5.59414
7.99341
11.7363
9.52894
9.72088
6.93773
7.80147
4.15458
8.37729
2.61905
6.3619
6.16996
8.6652
8.08938
6.3619
6.3619
8.08938
5.49817
4.34652
3.86667
5.69011
7.12967
6.26593
6.64982
5.01832
5.69011
5.97802
3.67473
4.05861
1.08352
1.56337
2.52308
0.603663
1.27546
-0.643956
-0.0681319
2.71502
3.67473
5.11429
4.25055
1.75531
2.13919
0.699634
5.78608
7.0337
3.67473
0.795604
4.44249
2.71502
-2.08352
4.63443
8.6652
-3.71502
-1.12381
-0.452015
3.96264
6.26593
2.52308
2.13919
3.19487
7.89744
3.19487
1.65934
2.61905
6.3619
6.84176
7.41758
5.59414
10.0088
15.3832
14.7114
11.5443
7.0337
11.0645
13.8476
9.04908
7.22564
4.82637
5.69011
6.3619
7.80147
8.28132
13.5597
13.5597
14.6154
16.7267
13.2718
5.49817
2.33114
0.315751
0.12381
2.81099
7.70549
9.337
7.0337
7.60952
7.51355
7.0337
7.70549
7.70549
4.05861
6.26593
8.6652
10.0088
5.78608
6.16996
2.61905
4.44249
5.11429
-0.0681319
-2.56337
1.75531
2.81099
1.27546
-0.452015
-1.98755
-0.739927
1.27546
1.94725
2.42711
5.4022
5.78608
8.37729
7.60952
4.05861
2.13919
2.42711
0.891575
-3.42711
-6.01832
-4.29084
-6.78608
-6.97802
-8.51355
-6.21026
-5.53846
-5.63443
-2.08352
-2.75531
-3.81099
-8.41758
-6.21026
-6.88205
-1.31575
-3.33114
-3.81099
-1.89158
-0.643956
-1.12381
-1.41172
-5.25055
-8.51355
-13.1201
-12.1604
-9.85714
-9.08938
-7.93773
-7.84176
-10.9128
-10.0491
-8.99341
-11.1048
-10.241
-7.84176
-6.49817
-5.7304
-5.15458
-9.6652
-5.53846
-6.97802
-4.57875
-3.81099
-4.38681
-2.65934
-1.60366
-2.27546
-0.452015
1.37143
-1.98755
-1.89158
-6.11429
-5.92234
-3.90696
-5.44249
-9.18535
-11.8725
-9.95311
-7.3619
-4.19487
-2.27546
-1.89158
-0.164103
3.19487
4.53846
1.94725
1.75531
3.48278
4.44249
-1.12381
2.13919
-2.08352
-2.56337
-2.56337
-0.547985
0.699634
-0.739927
-0.643956
-0.452015
1.75531
-1.21978
2.52308
-1.31575
-2.94725
0.987546
1.94725
3.00293
6.64982
-1.50769
0.987546
1.08352
1.17949
-0.164103
-1.50769
-0.643956
-1.12381
-1.50769
1.37143
-0.356044
1.85128
2.42711
6.3619
6.16996
0.12381
4.82637
-2.27546
-1.69963
-1.31575
-2.17949
-3.81099
-3.04322
-4.00293
-6.01832
-1.02784
-14.3678
-9.95311
-7.84176
-7.3619
-9.85714
-2.17949
-0.931868
2.23516
2.04322
2.61905
-0.260073
1.75531
1.85128
2.42711
5.11429
3.96264
7.60952
9.337
8.37729
6.55385
9.62491
11.9282
5.01832
5.30623
10.9685
15.2872
6.84176
10.3927
13.5597
15.0952
16.5348
10.1048
13.9436
13.2718
12.0242
11.3524
12.3121
13.3678
12.1201
10.6806
9.52894
12.4081
10.2967
10.6806
9.52894
12.1201
10.6806
12.0242
8.18535
2.52308
2.42711
3.67473
5.01832
5.4022
3.00293
1.94725
-0.931868
-4.67473
-4.86667
-4.00293
-4.86667
-2.75531
-3.81099
0.699634
1.27546
-0.0681319
-2.27546
-3.04322
-4.19487
-2.4674
-1.41172
-2.65934
-0.356044
-2.65934
-2.65934
-2.85128
-2.27546
-5.34652
-7.26593
-6.49817
-7.84176
-7.84176
-5.7304
-6.49817
-10.7209
-13.696
-12.2564
-11.5846
-9.85714
-7.84176
-7.84176
-11.1048
-11.2967
-8.32161
-6.78608
-9.56923
-11.1048
-11.2007
-10.0491
-14.5597
-16.959
-14.9436
-19.6462
-18.5905
-17.1509
-13.4081
-14.1758
-12.4484
-13.8879
-14.7516
-13.9839
-17.9187
-17.2469
-18.3985
-15.8073
-18.7824
-18.4945
-20.126
-16.0952
-17.9187
-21.2777
-22.9092
-21.6615
-17.6308
-18.8784
-23.389
-21.3736
-18.1106
-14.2718
-16.1912
-15.9033
-8.99341
-11.9685
-18.1106
-17.6308
-15.9033
-14.8476
-14.9436
-13.0242
-13.7919
-12.3524
-14.2718
-12.6403
-14.1758
-8.22564
-11.4886
-10.5289
-10.5289
-11.3927
-8.22564
-9.76117
-7.74579
-10.5289
-7.3619
-9.6652
-8.60952
-10.241
-12.2564
-9.28132
-10.0491
-14.3678
-17.2469
-10.7209
-13.0242
-13.2161
-10.433
-8.41758
-6.49817
-14.1758
-6.49817
-9.47326
-10.241
-8.51355
-8.89744
-10.0491
-7.55385
-7.84176
-2.37143
-2.94725
-3.23516
-6.01832
0.699634
0.0278388
-1.02784
2.13919
-1.21978
-3.52308
-7.3619
-2.65934
-0.643956
-2.94725
2.23516
-5.34652
-4.7707
-8.22564
-5.92234
1.94725
-2.4674
-2.17949
-6.78608
-3.90696
-4.38681
1.4674
4.15458
-9.95311
-0.0681319
0.795604
-8.41758
1.4674
-1.02784
-0.356044
4.82637
-0.0681319
3.29084
2.61905
6.93773
9.04908
12.504
16.2469
7.12967
12.9839
13.7516
18.3582
16.9187
17.3985
22.485
21.8132
26.7077
26.7077
30.0667
32.6579
32.4659
29.2029
25.844
23.1568
29.2989
29.011
27.1875
30.1626
26.4198
31.6022
37.3604
21.5253
30.4505
26.4198
27.4755
25.2681
26.8996
24.1165
22.8689
22.7729
18.9341
16.6308
15.0952
13.4637
9.337
10.2967
10.8725
11.6403
9.04908
6.07399
3.29084
5.59414
0.12381
-6.59414
0.507692
-5.7304
-1.7956
11.0645
-9.6652
-7.26593
-17.2469
0.21978
-12.9282
-12.7363
-16.3832
-10.0491
-7.55385
-8.99341
-10.9128
-15.5194
-12.8322
-7.3619
-3.33114
-4.29084
0.411722
-2.75531
-1.41172
-1.21978
0.795604
-2.75531
-1.02784
-6.11429
-1.50769
0.795604
0.603663
0.507692
5.69011
2.13919
6.26593
5.30623
5.69011
7.22564
7.51355
6.64982
9.91282
9.14505
8.28132
6.74579
7.89744
9.14505
10.7766
10.9685
9.24103
4.25055
-1.31575
0.795604
2.23516
7.60952
9.04908
7.89744
8.18535
8.95311
7.51355
6.45788
6.64982
7.22564
8.6652
7.0337
5.4022
6.74579
11.4484
10.8725
3.67473
4.92234
9.91282
8.08938
12.2161
7.60952
9.337
5.69011
4.53846
4.34652
3.38681
-1.31575
-2.65934
-3.33114
0.315751
-1.89158
1.4674
-3.42711
0.987546
4.53846
-0.452015
1.85128
1.37143
3.29084
0.12381
8.18535
1.4674
1.85128
0.12381
1.37143
2.90696
-0.739927
-1.98755
-6.49817
-3.52308
0.603663
2.71502
2.04322
1.56337
-3.71502
-3.04322
1.08352
3.96264
5.49817
10.0088
13.9436
19.126
17.7824
10.4886
-0.164103
-7.74579
0.699634
14.7114
23.4447
27.6674
25.844
23.5407
17.4945
14.5194
9.72088
9.24103
14.9033
23.1568
20.4696
23.7326
21.7172
17.4945
14.7114
8.56923
6.3619
5.69011
3.00293
7.60952
7.0337
9.62491
7.60952
7.32161
8.18535
6.3619
7.60952
9.52894
10.6806
5.59414
5.69011
8.37729
5.21026
2.04322
6.55385
5.21026
4.15458
3.86667
-1.98755
0.891575
-1.50769
-2.56337
-4.0989
-3.71502
-4.57875
-13.0242
-5.34652
-7.74579
-3.04322
-4.7707
-1.50769
-5.7304
-5.92234
-6.88205
-8.22564
-10.0491
-10.6249
-9.76117
-11.8725
-12.2564
-10.0491
-10.9128
-12.4484
-14.2718
-16.2872
-13.696
-15.7114
-14.8476
-13.7919
-12.9282
-12.9282
-17.4388
-17.6308
-18.6864
-21.2777
-15.3275
-14.1758
-15.1355
-18.1106
-18.1106
-15.6154
-18.3026
-18.4945
-23.1971
-22.1414
-20.8938
-20.6059
-18.2066
-15.6154
-18.6864
-16.863
-18.6864
-15.2315
-18.8784
-15.9033
-19.0703
-14.7516
-17.6308
-16.959
-18.4945
-15.1355
-14.6557
-13.7919
-12.7363
-12.9282
-15.9993
-15.9033
-15.8073
-17.0549
-15.8073
-17.9187
-20.222
-20.222
-18.7824
-21.1817
-24.5407
-19.7421
-21.7575
-22.4293
-23.1011
-23.485
-24.1568
-19.7421
-19.7421
-19.6462
-16.5751
-16.959
-16.767
-9.18535
-6.01832
-7.26593
-8.70549
-13.9839
-15.5194
-17.8227
-16.767
-19.9341
-14.6557
-11.8725
-22.0454
-8.99341
-29.3392
-26.2681
-15.7114
-11.9685
-15.2315
-16.3832
-14.5597
-16.959
-10.433
0.12381
-10.5289
-7.74579
-3.71502
-2.17949
-2.56337
-4.67473
-5.05861
-5.05861
-7.93773
-7.55385
-7.45788
-7.26593
0.21978
-0.835897
5.88205
3.0989
-3.23516
1.08352
0.795604
-3.23516
2.90696
6.74579
9.72088
5.78608
8.37729
14.0396
10.6806
12.2161
13.5597
16.7267
16.5348
13.1758
12.0242
11.1604
10.8725
9.91282
17.3026
21.1414
24.4044
23.0608
23.8286
12.504
10.9685
7.60952
6.3619
9.72088
11.7363
22.1971
23.7326
22.8689
29.4908
22.485
18.6462
9.72088
9.43297
11.7363
9.62491
14.1355
14.9993
19.3179
19.126
21.8132
23.7326
22.389
23.7326
17.7824
15.4791
16.5348
13.7516
14.8073
13.5597
9.62491
12.504
8.37729
7.41758
7.89744
6.45788
6.45788
5.78608
3.86667
2.52308
-0.0681319
0.987546
2.71502
2.90696
2.71502
2.90696
8.56923
7.99341
4.15458
8.6652
8.76117
7.51355
5.97802
8.08938
1.94725
4.63443
4.53846
5.88205
10.0088
9.14505
7.41758
6.16996
7.99341
9.91282
8.85714
7.41758
8.28132
10.8725
10.4886
11.5443
8.37729
11.2564
11.0645
8.18535
8.18535
8.08938
7.89744
13.9436
17.1106
18.8381
9.337
10.5846
6.55385
9.72088
8.37729
7.32161
7.0337
5.97802
3.86667
1.85128
3.0989
4.82637
4.44249
-0.260073
4.25055
5.11429
4.44249
6.07399
2.42711
0.12381
0.411722
2.81099
0.315751
-0.356044
-1.98755
0.795604
0.891575
3.29084
4.25055
-0.643956
-0.452015
-1.21978
-0.356044
-5.53846
-4.19487
-1.50769
-3.23516
-1.50769
0.891575
3.96264
0.315751
2.71502
1.37143
-0.452015
-1.21978
-6.30623
-5.63443
-13.504
-8.60952
-8.51355
-6.59414
-1.21978
0.315751
0.891575
-3.90696
1.94725
-1.21978
-4.96264
-5.44249
-7.45788
-7.55385
-5.63443
-4.29084
-4.0989
-3.61905
-3.04322
-0.643956
-1.7956
-3.81099
-0.356044
-5.15458
-0.739927
-1.98755
-0.835897
0.891575
-1.69963
2.23516
0.0278388
1.85128
-1.41172
-5.44249
-8.70549
-13.504
-11.2967
-8.99341
-1.41172
-5.7304
-2.4674
-6.11429
-4.96264
-9.47326
-10.9128
-7.16996
-1.02784
3.19487
-0.260073
-6.49817
-3.23516
-4.29084
-1.12381
-3.13919
-3.52308
-3.81099
-4.86667
-4.96264
-6.21026
-6.30623
-8.99341
-7.45788
-3.33114
-2.17949
-1.31575
2.04322
3.0989
2.71502
2.33114
2.90696
-0.260073
0.507692
-4.67473
-3.52308
-6.78608
-7.55385
-6.88205
-9.18535
-12.4484
-11.2967
-11.6806
-10.9128
-9.95311
-8.32161
-8.0337
-1.31575
-1.89158
2.23516
-2.94725
-3.81099
-3.04322
-3.52308
-3.33114
-1.02784
1.75531
3.7707
4.44249
4.92234
3.48278
3.67473
-0.164103
-1.12381
-3.61905
1.65934
-1.31575
-0.643956
-2.85128
-0.643956
-0.164103
-2.37143
-1.50769
1.08352
0.987546
1.4674
2.71502
-0.164103
-1.31575
-2.75531
-1.69963
-1.7956
-2.08352
-4.19487
-7.3619
-4.00293
-5.53846
-4.48278
-4.7707
-4.0989
-3.42711
-0.356044
1.85128
-0.164103
-1.12381
-1.7956
0.411722
-0.835897
-1.60366
4.82637
1.27546
3.48278
2.81099
7.99341
4.25055
3.96264
-0.452015
-1.98755
-3.52308
0.315751
-0.643956
-1.60366
-1.60366
-4.29084
-1.50769
-0.739927
1.27546
1.4674
0.507692
-1.41172
0.603663
0.21978
-0.835897
-5.53846
-5.25055
-5.15458
-2.85128
-4.7707
-5.34652
-6.21026
-5.15458
-4.19487
-3.13919
-5.44249
-3.61905
-0.931868
0.699634
0.603663
1.08352
-0.0681319
0.891575
-1.12381
-4.48278
-5.7304
-6.97802
-6.11429
-10.9128
-12.2564
-12.0645
-10.9128
-10.0491
-9.6652
-6.49817
-6.01832
-3.04322
-0.835897
-1.21978
-4.96264
-6.4022
-4.29084
-3.61905
-4.29084
-6.59414
-7.16996
-6.59414
-4.29084
-2.65934
-1.89158
-0.739927
0.12381
-2.08352
-0.164103
-0.0681319
-0.643956
-0.547985
-2.37143
-9.56923
-10.5289
-8.80147
-10.241
-12.4484
-10.6249
-4.7707
-4.00293
-1.41172
-2.17949
0.0278388
1.94725
3.19487
2.13919
-2.85128
-4.0989
-1.98755
-4.38681
-0.643956
-0.643956
3.67473
4.25055
5.97802
5.21026
1.4674
2.33114
-5.15458
-4.0989
-6.21026
-0.835897
-3.13919
1.17949
-1.41172
-2.56337
-3.81099
1.4674
-1.69963
-6.49817
-6.69011
-9.08938
-3.90696
-3.61905
-4.29084
-4.48278
-6.11429
-9.08938
-8.41758
-11.0088
-8.22564
-10.433
-9.76117
-14.2718
-15.5194
-14.2718
-10.6249
-4.7707
-7.16996
-10.337
-16.863
-18.6864
-22.5253
-22.6212
-22.8132
-21.0857
-14.5597
-14.5597
-12.3524
-15.6154
-20.126
-15.5194
-9.6652
-11.1048
-11.1048
-9.37729
-8.41758
-11.2007
-11.2007
-13.2161
-13.6
-10.433
-14.1758
-13.1201
-14.4637
-11.6806
-9.6652
-6.78608
-6.21026
-4.48278
-3.33114
-6.78608
-4.0989
-2.37143
-3.90696
-3.42711
0.12381
3.48278
2.52308
5.11429
5.69011
3.38681
7.0337
4.05861
3.00293
1.37143
0.891575
1.94725
3.0989
3.0989
6.64982
7.32161
12.2161
10.0088
8.08938
11.7363
8.28132
9.81685
7.89744
7.12967
8.6652
10.7766
11.0645
12.0242
8.37729
10.9685
9.72088
8.85714
9.91282
9.91282
6.84176
7.0337
6.84176
10.5846
10.0088
9.91282
8.18535
6.55385
3.7707
1.4674
0.507692
3.96264
4.82637
5.69011
5.30623
5.01832
7.41758
3.7707
-0.356044
-0.547985
-2.75531
-0.547985
-2.17949
0.699634
1.94725
0.795604
2.42711
3.19487
3.29084
4.34652
5.69011
5.78608
3.96264
1.27546
3.0989
5.69011
1.27546
6.55385
7.41758
4.82637
1.65934
4.7304
6.84176
6.3619
6.55385
9.72088
8.56923
5.97802
8.28132
7.70549
12.8879
13.7516
15.5751
17.1106
19.222
18.7421
17.0147
14.9033
19.126
17.3985
14.9993
11.9282
3.67473
-0.356044
-1.98755
3.00293
3.67473
5.4022
9.337
8.47326
7.12967
9.04908
10.6806
12.504
11.0645
14.1355
14.3275
14.0396
16.7267
14.8073
17.6864
19.4139
23.4447
33.0418
32.4659
32.6579
30.1626
27.2835
23.4447
18.3582
14.8073
12.9839
8.18535
12.1201
12.4081
14.6154
12.8879
14.7114
11.7363
10.7766
15.1912
15.1912
15.6711
11.1604
8.08938
3.7707
1.56337
-0.835897
-1.21978
4.34652
6.3619
10.0088
4.44249
5.4022
7.32161
11.4484
9.14505
1.17949
-1.7956
-1.12381
-5.34652
-2.65934
-0.452015
-2.65934
0.21978
-4.0989
-4.48278
-6.21026
-10.337
-9.28132
-8.89744
-9.76117
-4.19487
-6.59414
-7.3619
-12.0645
-14.1758
-12.9282
-12.7363
-12.3524
-18.2066
-24.7326
-20.9897
-16.959
-11.2967
-10.8168
-10.241
-13.7919
-13.1201
-13.9839
-8.0337
-11.1048
-13.2161
-10.7209
-7.74579
-2.17949
-2.17949
-1.98755
-4.29084
-7.16996
-7.3619
-10.1451
-9.85714
-9.08938
-9.76117
-6.21026
-10.0491
-4.7707
-7.3619
-5.63443
-9.08938
-8.80147
-12.2564
-10.337
-12.3524
-12.6403
-8.32161
-9.56923
-8.41758
-10.5289
-8.51355
-9.37729
-11.8725
-8.89744
-12.3524
-13.4081
-9.08938
-4.67473
-4.19487
-4.38681
-5.7304
-6.88205
-3.23516
-4.67473
-0.164103
-3.42711
-2.94725
-7.74579
-2.37143
-4.19487
-3.90696
-5.53846
-1.12381
-5.25055
-3.81099
0.507692
-4.38681
1.4674
-8.32161
-10.433
-5.82637
-8.99341
-16.3832
-15.3275
-17.0549
-17.8227
-15.7114
-13.0242
-11.7766
-10.8168
-8.12967
-4.57875
-5.25055
-4.7707
-9.56923
-6.69011
-6.01832
-5.92234
-6.30623
-4.67473
-4.29084
-3.90696
-1.41172
0.0278388
-5.7304
-2.65934
-8.99341
-8.0337
-6.21026
-3.33114
3.38681
3.57875
-2.65934
-4.57875
-9.6652
-9.95311
-10.1451
-3.42711
-4.48278
-8.80147
-15.9993
-1.02784
-1.60366
1.75531
5.01832
-1.89158
-0.260073
1.17949
-1.12381
2.04322
2.90696
7.70549
2.23516
2.42711
2.71502
6.16996
2.61905
7.60952
2.61905
0.987546
-5.05861
-8.51355
-4.7707
1.17949
1.85128
8.08938
5.4022
10.9685
5.30623
3.57875
3.19487
2.04322
-2.4674
-0.643956
1.75531
2.52308
6.64982
13.7516
17.1106
14.1355
19.7978
17.3026
21.2374
10.5846
7.32161
6.74579
6.3619
11.6403
0.0278388
0.411722
2.42711
-2.56337
1.94725
-1.98755
-0.260073
-0.356044
1.17949
0.411722
-3.61905
-0.931868
-2.27546
-0.0681319
3.38681
-4.96264
0.603663
-2.4674
0.12381
-4.86667
-4.86667
-5.25055
1.65934
-7.64982
-3.71502
-4.96264
-7.45788
-3.33114
-0.931868
-3.04322
-2.94725
-2.94725
6.45788
4.15458
-4.96264
1.27546
12.696
3.29084
7.99341
2.81099
8.18535
10.6806
6.93773
12.0242
8.18535
2.23516
3.86667
2.71502
0.12381
5.30623
3.67473
9.62491
3.86667
4.25055
8.18535
10.0088
6.55385
1.17949
4.92234
6.55385
4.53846
-0.643956
6.45788
-0.164103
0.699634
5.88205
5.59414
6.16996
6.84176
4.05861
18.2623
14.8073
8.47326
5.4022
10.9685
13.0799
14.9993
13.3678
16.2469
9.04908
6.16996
7.99341
4.05861
10.6806
13.1758
23.0608
18.2623
25.748
22.9648
19.5099
21.7172
17.2066
12.0242
17.8784
17.1106
14.7114
13.7516
13.4637
14.1355
19.6059
28.6271
17.2066
23.4447
22.9648
17.0147
14.5194
16.2469
17.6864
17.3985
16.5348
11.0645
10.2967
3.7707
13.0799
17.0147
8.76117
9.24103
8.95311
12.504
0.315751
6.3619
3.86667
2.04322
6.26593
2.81099
7.32161
-0.739927
2.42711
-6.30623
-3.42711
-3.04322
3.38681
-6.69011
-13.6
-9.95311
-13.8879
-3.90696
-3.61905
0.987546
0.12381
1.17949
1.27546
-0.835897
0.507692
-6.4022
-1.21978
-3.23516
-3.71502
-2.08352
2.90696
2.13919
-1.31575
-3.33114
-0.931868
-0.452015
-4.00293
-3.42711
-2.85128
0.21978
1.56337
-0.356044
5.59414
-0.547985
0.795604
1.85128
3.48278
1.65934
-1.50769
-0.739927
-3.23516
-1.50769
2.71502
-5.92234
-4.7707
-5.44249
-4.00293
-7.45788
-12.7363
-6.59414
-7.93773
-8.89744
-8.0337
-6.4022
-4.48278
-5.34652
-9.47326
-8.60952
-8.89744
-8.89744
-8.51355
-8.32161
-8.70549
-15.3275
-13.8879
-12.9282
-14.0799
-13.0242
-15.9993
-14.8476
-16.6711
-18.4945
-18.5905
-16.3832
-19.8381
-12.3524
-15.2315
-10.9128
-11.8725
-12.3524
-10.0491
-13.504
-14.1758
-14.6557
-14.2718
-16.6711
-13.4081
-17.4388
-16.959
-12.6403
-15.9033
-8.89744
-9.95311
-15.7114
-7.16996
-9.18535
-14.1758
-13.696
-9.85714
-8.70549
-11.3927
-12.7363
-21.1817
-18.3985
-16.863
-12.9282
-11.2007
-8.99341
-6.59414
-9.85714
-8.80147
-7.64982
-11.2967
-7.84176
-8.0337
-20.7978
-10.5289
-11.0088
-8.0337
-7.07399
-5.82637
-8.12967
-8.12967
-5.25055
-4.7707
0.12381
1.37143
2.81099
3.57875
-6.69011
-5.05861
-10.6249
-12.3524
-8.41758
-6.97802
-4.86667
-1.02784
4.7304
3.67473
1.94725
4.63443
0.315751
-1.89158
-2.65934
-4.86667
2.42711
2.52308
2.23516
3.86667
-4.57875
-5.15458
-3.90696
-1.69963
2.13919
6.93773
1.85128
7.41758
0.411722
3.48278
0.12381
4.7304
0.891575
0.795604
-0.547985
-1.7956
-4.48278
-5.44249
-1.69963
-0.0681319
2.33114
3.96264
5.69011
7.60952
5.88205
1.94725
5.01832
4.34652
3.57875
0.987546
1.56337
3.0989
2.81099
2.52308
1.85128
1.4674
-1.21978
1.27546
0.12381
-0.835897
-3.90696
-0.356044
-3.52308
-6.30623
-7.55385
-4.0989
-6.69011
-7.3619
-5.44249
-6.97802
-0.260073
0.315751
-3.23516
1.37143
-1.98755
-0.547985
-1.89158
-4.7707
-4.96264
-6.88205
-8.60952
-9.95311
-12.6403
-8.60952
0.411722
-2.56337
-4.00293
-0.643956
-6.21026
-9.6652
-3.33114
-1.69963
-2.08352
2.23516
5.59414
8.47326
6.74579
9.52894
12.1201
12.8879
6.74579
11.8322
2.90696
-4.67473
-1.02784
-6.59414
-4.57875
-5.34652
-4.00293
-6.97802
-11.1048
-9.08938
-6.88205
-3.61905
-7.07399
-3.33114
-3.71502
-7.93773
-8.89744
-9.47326
-9.28132
-3.33114
-11.1048
-13.4081
-15.3275
-17.9187
-19.5502
-15.3275
-19.9341
-24.0608
-14.0799
-7.07399
-14.0799
-2.85128
-3.52308
-5.15458
-4.38681
-7.3619
5.30623
-4.29084
-14.7516
-6.21026
-5.34652
-5.7304
-11.6806
-11.0088
-6.78608
-13.8879
-0.260073
-4.19487
-4.7707
-8.41758
-13.8879
-7.3619
-2.4674
-5.25055
-4.29084
-4.19487
-13.504
-5.82637
-4.0989
-6.11429
-4.48278
-6.30623
-7.45788
-7.26593
-10.9128
-8.80147
-12.0645
-1.98755
3.86667
2.23516
-12.7363
-4.57875
-6.11429
-0.643956
-3.90696
-2.56337
-1.12381
-1.12381
-5.05861
-5.05861
0.315751
5.21026
6.64982
2.13919
3.7707
8.47326
8.28132
3.96264
7.51355
3.19487
11.9282
9.81685
8.37729
5.88205
14.4234
15.0952
16.5348
11.9282
16.4388
14.3275
13.1758
7.22564
12.6
15.767
13.4637
6.55385
13.8476
15.5751
14.8073
16.2469
18.2623
18.9341
20.3736
19.9897
19.3179
18.7421
17.9744
26.8037
14.6154
14.2315
15.2872
15.2872
14.9993
13.3678
8.28132
10.9685
12.2161
11.4484
15.5751
12.7919
9.62491
8.6652
10.4886
11.3524
6.45788
10.8725
7.99341
2.71502
9.14505
3.19487
2.52308
2.81099
2.13919
1.08352
7.60952
4.34652
7.12967
8.85714
2.42711
1.4674
0.411722
0.795604
3.19487
4.05861
4.15458
7.89744
6.74579
13.0799
12.9839
10.7766
4.05861
7.41758
7.70549
2.52308
4.15458
3.38681
1.65934
-0.356044
2.13919
7.51355
7.12967
7.22564
5.59414
12.1201
8.08938
10.1048
7.32161
1.08352
-1.60366
2.71502
-1.60366
7.0337
1.27546
6.26593
2.42711
9.52894
6.55385
3.86667
-1.02784
6.55385
4.25055
5.30623
3.38681
2.71502
5.4022
5.88205
3.0989
-2.75531
0.699634
-3.04322
6.26593
4.63443
-2.65934
1.17949
-3.23516
-3.61905
-1.02784
-5.25055
-3.71502
-5.44249
-8.12967
-8.32161
-0.931868
-0.835897
-3.23516
1.08352
-1.89158
-4.67473
-3.13919
-6.59414
-5.7304
-7.26593
-13.1201
-11.0088
-11.2967
-10.5289
-8.60952
-6.97802
-9.37729
-13.1201
-15.3275
-20.222
-17.5348
-20.03
-18.9744
-19.7421
-22.8132
-25.6923
-25.8842
-22.5253
-15.1355
-14.5597
-15.2315
-17.6308
-12.4484
-17.0549
-10.1451
-7.55385
-7.07399
-10.1451
-12.4484
-12.8322
-15.7114
-8.80147
-7.3619
-2.08352
-7.26593
-6.49817
-6.49817
-3.13919
-4.00293
-10.0491
-4.19487
-6.11429
-1.02784
-6.78608
-8.32161
-9.85714
-9.08938
-5.15458
-6.59414
-4.19487
-7.45788
-6.69011
-7.07399
0.315751
-2.27546
-1.98755
-4.00293
-3.04322
-4.96264
3.86667
3.0989
5.49817
8.18535
11.5443
15.5751
14.7114
14.2315
14.9993
15.2872
15.767
12.1201
9.81685
6.74579
9.337
5.97802
4.7304
3.7707
5.78608
5.59414
6.84176
7.22564
6.45788
3.00293
3.7707
2.42711
1.17949
-0.931868
-2.08352
-4.96264
-8.60952
-7.55385
-3.71502
-3.61905
-3.90696
-5.05861
-1.50769
-0.643956
-1.7956
-1.7956
2.71502
-0.931868
-2.08352
1.27546
-0.164103
-1.60366
-0.835897
-2.75531
-1.98755
-2.85128
-1.69963
-0.643956
-0.739927
-1.21978
-0.547985
0.795604
0.795604
-0.452015
-0.931868
-1.02784
-0.260073
-2.4674
-1.41172
1.4674
-0.260073
-1.7956
-1.41172
0.891575
-3.81099
-7.16996
-8.60952
-4.86667
1.27546
-1.41172
0.411722
-1.7956
-2.65934
-6.59414
0.0278388
1.65934
0.795604
5.78608
3.19487
1.4674
-1.7956
-1.7956
-1.50769
-5.53846
-4.86667
-4.00293
-3.04322
-0.547985
3.38681
-0.739927
-2.37143
-2.37143
-0.164103
-0.0681319
3.48278
-0.0681319
-0.739927
2.13919
-3.71502
-7.16996
-9.47326
-7.07399
-13.696
-8.0337
-10.433
-9.28132
-8.80147
-10.337
-3.13919
-5.05861
-8.51355
-13.9839
-11.9685
-12.4484
-13.7919
-11.2007
-7.07399
-2.65934
-8.0337
-8.70549
-6.01832
-6.4022
-5.05861
-3.81099
-4.38681
-5.25055
-5.92234
-2.56337
-2.27546
-1.69963
-4.00293
-4.19487
0.21978
3.67473
1.4674
1.65934
5.01832
6.16996
6.64982
6.07399
1.65934
-4.38681
1.17949
4.7304
7.12967
10.5846
8.08938
7.80147
-1.7956
-0.931868
1.85128
0.315751
-5.63443
-0.0681319
0.0278388
4.25055
6.84176
7.89744
8.85714
6.26593
8.47326
5.78608
11.5443
1.37143
6.3619
7.41758
6.3619
2.71502
0.699634
5.21026
6.45788
7.41758
11.0645
4.53846
8.56923
11.0645
14.9033
10.7766
12.8879
9.52894
7.32161
4.53846
10.2967
8.56923
9.62491
6.93773
10.5846
8.37729
10.9685
7.80147
7.22564
6.16996
4.82637
10.1048
9.62491
10.6806
9.14505
12.0242
9.62491
8.37729
3.0989
8.18535
2.04322
5.59414
6.74579
6.07399
3.0989
6.07399
7.41758
12.504
8.95311
8.95311
6.74579
-0.643956
0.891575
-1.60366
7.0337
7.12967
4.7304
9.52894
11.8322
12.2161
11.2564
6.64982
6.26593
4.53846
8.18535
5.30623
4.63443
2.42711
0.603663
1.65934
2.90696
3.00293
6.64982
6.64982
7.12967
4.92234
7.0337
9.52894
4.05861
5.78608
2.42711
4.05861
5.69011
0.507692
4.05861
4.34652
5.21026
10.2007
9.43297
6.84176
6.3619
3.57875
-1.31575
3.0989
-0.739927
-1.7956
-1.12381
-1.98755
-4.7707
-4.48278
-4.38681
-5.15458
-6.49817
-6.88205
-11.2007
-8.0337
-7.26593
-10.6249
-9.28132
-10.1451
-11.2967
-11.2007
-10.5289
-11.4886
-12.6403
-9.95311
-11.0088
-13.9839
-15.5194
-8.70549
-12.4484
-8.32161
-4.48278
-8.0337
-10.241
-11.0088
-8.60952
-6.49817
-8.89744
-8.32161
-2.37143
-8.12967
-4.96264
-4.96264
-11.4886
-10.7209
-9.47326
-2.17949
-2.17949
-5.53846
-8.22564
-4.7707
-3.23516
-11.0088
-9.56923
-7.84176
-10.6249
-11.7766
-11.6806
-7.55385
-8.99341
-2.94725
-7.84176
-7.64982
-7.64982
-4.48278
-11.2007
-17.2469
-14.6557
-14.2718
-13.8879
-9.95311
-10.5289
-8.80147
-10.433
-8.0337
-10.1451
-6.97802
-13.0242
-6.97802
-9.47326
-6.59414
-6.21026
-6.30623
-7.07399
-8.70549
-5.92234
-1.12381
-8.51355
-2.94725
-11.8725
-8.60952
-4.57875
-6.4022
-5.25055
-7.55385
-9.37729
-0.452015
-6.59414
-2.65934
-1.31575
-4.67473
-5.44249
-0.452015
-1.69963
4.34652
-1.02784
1.08352
0.603663
-10.337
2.61905
-0.643956
-0.260073
-3.71502
-5.25055
-4.86667
-1.98755
-5.44249
-2.75531
-4.29084
-2.4674
-0.835897
-3.23516
-4.67473
-12.0645
-1.7956
-3.13919
-2.4674
-3.13919
-1.7956
0.699634
2.04322
-0.356044
-2.27546
-4.19487
-4.7707
-4.48278
0.507692
-2.65934
-6.11429
-6.11429
-4.7707
-1.50769
-4.19487
-5.63443
-4.0989
-4.19487
-2.94725
1.17949
6.74579
6.45788
9.81685
9.04908
7.41758
0.699634
0.507692
-1.69963
1.94725
-1.7956
-1.50769
0.507692
-1.60366
1.85128
1.4674
3.57875
7.70549
6.3619
8.95311
7.70549
5.30623
1.65934
-1.69963
-0.452015
3.7707
0.891575
1.17949
-1.69963
7.51355
5.59414
8.6652
1.37143
5.21026
10.6806
10.4886
7.80147
4.44249
2.33114
3.96264
-0.260073
1.17949
2.81099
11.7363
11.6403
15.959
19.9897
22.0051
21.8132
12.8879
6.93773
7.70549
0.411722
5.97802
-9.37729
1.08352
2.71502
16.1509
7.99341
12.2161
10.2007
14.3275
15.0952
11.1604
6.84176
2.90696
-4.19487
-1.02784
-6.59414
-4.7707
-0.260073
-4.19487
0.12381
0.891575
-5.15458
-0.164103
-9.18535
-9.6652
-13.4081
-17.6308
-9.6652
-3.90696
-1.7956
-3.90696
-8.41758
-4.29084
-9.28132
-7.74579
-6.97802
-7.74579
-8.89744
-6.59414
-4.19487
-4.67473
-1.21978
-3.71502
-4.67473
-1.41172
-4.19487
7.60952
2.61905
-0.835897
3.96264
4.82637
11.3524
8.28132
6.45788
5.59414
0.21978
1.94725
-14.4637
2.13919
-11.6806
-9.85714
-7.55385
-8.70549
-4.7707
3.0989
0.21978
3.00293
-5.44249
-16.5751
-17.6308
-15.6154
-15.8073
-17.4388
-15.2315
-16.0952
-9.56923
-14.3678
-14.0799
-10.5289
-2.65934
-6.69011
-3.33114
-5.82637
-9.47326
-6.59414
-13.3121
-14.3678
-12.7363
-10.241
2.61905
7.41758
6.45788
4.34652
4.34652
2.71502
-2.37143
-8.0337
-7.93773
-3.33114
-3.42711
2.71502
8.18535
5.01832
11.9282
8.85714
19.5099
13.9436
9.337
6.55385
10.5846
-5.92234
-1.12381
-3.13919
-6.4022
-6.4022
-0.260073
-8.22564
-1.31575
2.81099
5.49817
10.2967
13.8476
6.74579
2.42711
-2.85128
-7.16996
-8.51355
-5.05861
-11.4886
-6.11429
-6.11429
-9.37729
-8.12967
0.603663
-1.50769
-1.50769
-4.67473
-0.547985
-3.13919
-4.7707
-4.0989
7.0337
0.21978
-6.01832
-2.27546
-2.94725
-1.89158
-0.356044
4.15458
7.32161
6.45788
3.86667
3.00293
5.78608
6.26593
5.78608
6.64982
5.78608
2.13919
11.6403
13.0799
13.3678
12.9839
10.2967
5.30623
9.52894
7.51355
6.84176
12.504
8.47326
8.6652
14.5194
10.7766
3.00293
13.2718
7.60952
6.84176
5.11429
4.82637
6.45788
0.21978
8.37729
12.9839
5.97802
17.7824
11.4484
8.76117
7.51355
7.99341
6.45788
2.61905
18.2623
18.5502
10.3927
13.1758
14.0396
17.7824
11.2564
15.0952
14.4234
14.8073
14.6154
14.0396
10.9685
7.0337
8.37729
5.49817
8.37729
