2.90696
10.1048
15.0952
13.8476
16.2469
14.1355
15.5751
4.63443
8.85714
11.2564
15.1912
7.22564
-1.69963
-3.04322
-14.1758
-15.6154
-14.4637
-12.7363
-8.51355
1.37143
6.84176
7.89744
7.89744
10.3927
5.01832
-4.19487
-7.64982
-16.767
-17.3429
-9.47326
2.13919
2.71502
10.5846
6.93773
-2.27546
-3.52308
-7.3619
-10.241
-18.8784
-15.2315
-7.55385
1.94725
9.337
11.2564
9.91282
15.863
7.0337
3.67473
-12.6403
-16.767
-10.1451
-4.0989
11.7363
15.3832
15.4791
13.1758
9.62491
2.90696
-0.643956
-9.37729
-10.6249
-13.4081
-5.15458
2.23516
4.25055
4.7304
5.69011
5.30623
-0.739927
-2.17949
-10.8168
-9.6652
-11.2967
-1.02784
8.08938
10.2007
10.0088
7.70549
2.90696
0.315751
-1.21978
1.85128
9.14505
12.4081
13.0799
14.0396
11.2564
8.56923
11.1604
13.1758
5.4022
13.0799
4.15458
6.45788
5.78608
8.56923
7.80147
4.15458
6.3619
1.94725
-3.81099
-4.7707
-3.13919
-3.04322
-4.7707
-6.49817
-6.01832
-1.50769
-4.7707
0.315751
-9.6652
-10.0491
-10.6249
-11.0088
-16.2872
-20.222
-14.7516
-19.5502
-13.0242
-14.8476
-17.2469
-15.9993
-13.7919
-9.28132
-10.337
-11.9685
-18.6864
-10.337
-12.2564
-10.241
-6.59414
-15.2315
-11.2007
-11.2007
-13.504
-11.5846
-17.6308
-18.5905
-16.3832
-17.3429
-11.2007
-8.60952
-8.70549
-5.82637
-4.38681
-1.41172
2.33114
8.37729
3.7707
14.7114
10.2967
4.63443
18.1663
0.699634
3.7707
2.61905
-0.260073
0.21978
5.69011
5.01832
6.3619
5.30623
7.70549
4.34652
5.4022
5.88205
3.7707
-0.547985
3.86667
9.337
8.95311
7.80147
9.337
12.504
14.7114
15.3832
13.9436
13.9436
16.5348
12.6
9.24103
12.6
9.24103
12.696
10.2967
8.28132
9.337
6.07399
8.6652
6.3619
10.9685
7.51355
4.53846
8.47326
8.37729
10.7766
11.9282
6.64982
2.04322
5.59414
1.37143
0.21978
-1.41172
0.315751
-2.56337
-3.04322
-1.50769
-7.93773
-3.33114
-1.89158
-3.61905
-8.22564
-9.28132
-5.63443
-7.74579
-7.07399
-4.7707
-2.75531
-7.3619
-5.15458
-11.3927
-8.80147
-7.26593
-9.85714
-5.63443
-9.85714
-5.63443
-0.835897
1.4674
-5.7304
-1.31575
-3.81099
-3.61905
-0.356044
-2.27546
0.411722
-3.90696
0.603663
-4.38681
-4.7707
-5.53846
-3.71502
-2.56337
2.71502
3.00293
-12.9282
-3.71502
0.12381
-3.42711
-1.69963
-4.7707
1.4674
3.00293
3.19487
-3.42711
4.92234
3.7707
7.80147
8.28132
9.72088
5.11429
0.411722
2.90696
10.0088
7.41758
6.74579
6.93773
0.891575
1.27546
0.12381
-0.452015
0.699634
-1.60366
5.30623
4.92234
6.3619
6.93773
7.89744
8.18535
8.18535
4.15458
4.34652
2.33114
4.82637
4.92234
4.44249
8.6652
6.07399
6.74579
7.99341
2.81099
3.00293
1.85128
5.59414
7.12967
-0.739927
4.25055
-7.64982
2.04322
-0.835897
-1.89158
-4.57875
-6.21026
-6.4022
-6.49817
-3.23516
0.411722
2.04322
5.59414
3.19487
8.56923
6.84176
8.28132
10.3927
11.5443
7.89744
7.32161
11.1604
1.85128
-1.21978
-2.08352
-5.15458
-3.23516
-3.52308
1.4674
3.00293
-4.67473
2.61905
6.64982
9.337
7.51355
10.3927
6.45788
7.51355
4.92234
10.8725
16.6308
10.2967
15.3832
14.3275
17.3985
10.0088
11.3524
10.1048
17.2066
19.222
18.1663
15.863
7.41758
7.70549
10.6806
16.9187
17.5905
19.4139
17.6864
11.3524
8.95311
6.45788
4.25055
2.42711
1.4674
8.18535
12.3121
11.9282
18.1663
12.3121
11.6403
8.37729
7.22564
9.52894
8.6652
7.80147
8.08938
7.32161
5.97802
4.34652
3.48278
3.96264
8.28132
6.64982
10.5846
11.2564
12.7919
14.9993
10.2007
9.81685
8.08938
7.89744
8.95311
7.99341
7.51355
9.62491
8.47326
7.89744
4.05861
0.699634
0.891575
-1.98755
-0.739927
-0.835897
-1.21978
-1.31575
-4.19487
-7.3619
-7.74579
-6.88205
-8.32161
-9.47326
-8.41758
-9.28132
-8.80147
-9.56923
-8.70549
-9.47326
-9.47326
-11.9685
-11.8725
-10.0491
-9.47326
-11.8725
-11.2967
-8.41758
-11.7766
-8.51355
-4.96264
-4.19487
-8.80147
-14.0799
-9.95311
-7.93773
-9.47326
-14.8476
-13.7919
-14.8476
-16.4791
-17.6308
-19.0703
-17.5348
-15.9033
-15.4234
-15.7114
-16.863
-17.7267
-19.0703
-16.4791
-13.0242
-14.7516
-16.4791
-19.7421
-20.5099
-16.1912
-19.8381
-18.0147
-18.2066
-19.9341
-19.2623
-18.3026
-17.9187
-15.8073
-17.9187
-16.0952
-17.8227
-19.9341
-14.6557
-14.8476
-13.7919
-18.1106
-17.6308
-16.6711
-15.3275
-15.5194
-15.6154
-15.3275
-14.5597
-13.3121
-8.32161
-13.696
-9.28132
-6.21026
-3.13919
-2.75531
-4.96264
-5.82637
-7.26593
-5.63443
-6.21026
-3.13919
-10.8168
-10.241
-6.21026
-9.47326
-5.15458
-4.86667
-8.41758
-6.78608
-5.92234
-5.7304
-9.56923
-7.55385
-10.6249
-7.26593
-8.12967
-9.76117
-6.59414
-8.41758
-9.6652
-8.32161
-7.93773
-12.0645
-8.22564
-10.6249
-7.26593
-8.22564
-10.8168
-7.45788
-3.33114
-1.60366
-9.18535
-10.1451
-4.96264
-8.0337
-5.82637
-9.6652
-9.76117
-3.90696
-4.48278
-4.19487
-8.41758
-8.70549
-9.08938
-4.96264
-5.05861
-4.86667
-1.89158
-2.75531
1.37143
-1.21978
0.987546
0.315751
-2.08352
-3.90696
0.315751
4.34652
5.4022
4.53846
1.37143
-2.85128
-7.45788
-7.74579
-8.22564
-3.52308
-4.19487
-1.89158
1.75531
2.61905
4.15458
6.26593
3.86667
3.29084
-0.452015
-2.65934
-0.452015
-0.0681319
1.4674
1.65934
1.27546
1.75531
-1.60366
1.4674
1.85128
1.17949
1.85128
0.699634
3.00293
3.86667
2.33114
6.16996
0.315751
-1.31575
2.90696
3.00293
5.11429
1.08352
-0.643956
-1.41172
0.21978
-0.739927
-1.50769
3.38681
5.59414
8.28132
7.0337
6.45788
5.4022
6.45788
4.7304
4.53846
3.19487
0.891575
0.0278388
-2.17949
-2.94725
-4.7707
-4.38681
-6.21026
-1.12381
4.05861
4.44249
0.603663
0.411722
0.0278388
3.7707
1.17949
1.85128
-0.643956
-0.452015
2.13919
4.63443
3.67473
4.7304
3.0989
3.19487
-0.452015
-2.4674
1.94725
2.52308
5.01832
5.78608
4.25055
-1.98755
-4.29084
-4.29084
-1.98755
-1.98755
1.17949
5.78608
4.63443
2.71502
-2.17949
5.30623
7.99341
6.07399
1.65934
-0.547985
2.52308
1.85128
4.92234
6.07399
7.60952
4.05861
9.52894
7.22564
1.56337
-0.260073
-2.27546
-3.23516
-1.41172
-0.931868
-1.31575
0.12381
3.19487
4.44249
9.24103
10.4886
6.64982
7.70549
8.85714
6.55385
9.43297
5.30623
10.8725
7.51355
10.2967
7.60952
5.01832
1.17949
4.53846
5.21026
3.00293
4.05861
5.69011
1.4674
1.56337
0.0278388
0.795604
1.65934
3.29084
2.33114
3.96264
1.37143
3.86667
2.13919
4.92234
1.27546
4.25055
1.75531
3.00293
3.19487
3.19487
0.0278388
1.37143
4.63443
5.59414
5.30623
4.25055
0.699634
-0.739927
0.12381
-2.85128
-0.452015
2.04322
-0.835897
3.00293
2.23516
-0.164103
0.507692
2.61905
2.04322
5.78608
3.0989
3.29084
4.82637
4.44249
1.65934
-2.17949
2.90696
4.7304
7.70549
5.01832
2.23516
1.94725
2.13919
2.42711
0.315751
-0.164103
1.56337
4.63443
-7.07399
-4.19487
-5.7304
-8.22564
-6.30623
-2.4674
0.507692
-1.89158
2.23516
-0.835897
-2.75531
-2.94725
-2.94725
-2.94725
-1.02784
-0.452015
-1.21978
0.603663
0.0278388
3.7707
4.53846
7.70549
0.12381
-1.02784
-4.48278
-3.90696
-6.59414
-7.74579
-4.00293
-2.94725
0.315751
-0.739927
-3.81099
2.42711
2.71502
4.15458
-3.52308
-3.42711
-0.356044
-1.41172
-1.02784
-2.4674
3.29084
-4.96264
-2.4674
-6.21026
-6.21026
-5.05861
-4.29084
-5.15458
-5.7304
-6.30623
-7.93773
-12.3524
-8.99341
-8.12967
-4.29084
-6.11429
1.27546
-3.04322
-8.60952
-3.13919
-5.7304
-3.52308
-2.65934
-10.8168
-13.0242
-9.6652
-9.95311
-6.21026
-13.1201
-5.82637
-5.63443
-4.0989
3.0989
1.85128
2.52308
-0.452015
0.12381
-0.547985
-2.94725
-1.41172
-0.835897
-1.50769
-1.60366
-4.0989
0.315751
2.13919
0.795604
0.507692
4.34652
2.61905
4.53846
5.59414
4.92234
4.92234
3.86667
1.94725
3.7707
2.52308
-3.42711
0.795604
-1.41172
-1.60366
-2.08352
5.4022
3.0989
2.90696
0.603663
-0.260073
0.987546
-2.75531
-3.52308
-2.4674
-0.260073
0.21978
2.71502
-1.7956
-1.98755
-10.433
-7.74579
-3.13919
-3.23516
-0.835897
-0.931868
-1.7956
-1.21978
2.61905
5.30623
2.42711
-3.33114
-6.30623
-7.64982
-6.30623
-2.56337
3.19487
3.19487
-3.42711
-6.11429
-6.4022
-3.52308
-1.02784
-3.52308
-3.71502
-7.26593
-10.1451
-10.8168
-10.433
-10.5289
-10.433
-13.8879
-15.2315
-15.3275
-15.0396
-11.8725
-12.4484
-9.18535
-6.88205
-8.32161
-7.07399
-6.78608
-6.78608
-10.7209
-8.99341
-8.51355
-6.59414
-5.25055
-4.0989
-4.38681
-4.29084
-6.4022
-2.94725
0.21978
1.75531
5.30623
6.3619
7.0337
4.63443
3.67473
2.42711
2.13919
-4.00293
-2.65934
3.0989
0.603663
5.59414
5.21026
9.337
5.78608
10.2007
10.9685
11.2564
7.70549
13.0799
13.9436
15.767
18.4542
17.2066
15.767
14.1355
14.7114
10.8725
10.4886
9.72088
10.2967
9.43297
9.91282
8.6652
-0.0681319
3.48278
4.7304
0.795604
-1.41172
-1.41172
-1.89158
-0.356044
1.94725
-1.7956
1.94725
3.57875
3.7707
3.86667
4.92234
7.70549
5.30623
4.25055
7.12967
10.3927
3.67473
3.38681
7.0337
3.0989
3.0989
4.53846
3.67473
5.69011
4.05861
5.97802
5.4022
5.59414
6.26593
4.05861
3.19487
2.04322
6.64982
7.80147
7.80147
8.08938
1.4674
-0.356044
0.12381
2.23516
-6.59414
3.29084
2.81099
5.59414
5.21026
3.19487
2.71502
0.891575
2.81099
4.25055
4.92234
4.44249
7.0337
3.19487
-3.33114
1.56337
0.987546
1.75531
1.56337
-4.00293
-4.86667
8.28132
9.24103
5.4022
8.6652
0.795604
0.21978
-2.17949
-2.75531
-7.07399
-6.59414
-2.85128
-7.26593
-1.98755
-0.356044
0.891575
3.0989
2.81099
9.337
7.0337
6.74579
1.08352
5.59414
1.85128
4.63443
5.49817
7.41758
2.52308
1.4674
-3.42711
-6.4022
-1.02784
-1.31575
-4.7707
2.61905
4.82637
7.22564
2.90696
0.795604
-4.96264
-1.02784
-2.94725
0.315751
-0.260073
-3.71502
-3.61905
-5.05861
-7.74579
-10.0491
-11.2967
-17.5348
-14.0799
-12.0645
-10.6249
-11.9685
-11.0088
-10.7209
-13.504
-14.6557
-15.3275
-13.4081
-15.3275
-13.2161
-7.64982
-6.88205
-2.75531
-2.94725
-1.12381
-1.89158
-4.38681
-3.52308
-5.92234
-1.21978
-5.92234
-5.63443
-5.82637
-8.12967
-5.92234
-10.337
-9.56923
-10.8168
-10.1451
-7.64982
-2.75531
-1.98755
-4.48278
-3.81099
-5.53846
-4.38681
-4.48278
-6.21026
-2.4674
-2.56337
-5.15458
-5.25055
-3.71502
-4.48278
-7.26593
-5.34652
-5.82637
-5.92234
-4.29084
-2.17949
1.56337
-5.63443
-4.96264
-11.1048
-4.29084
-4.86667
-7.64982
-4.86667
-1.89158
2.61905
-7.84176
-6.69011
-5.63443
-4.29084
-3.13919
-1.12381
-5.44249
-0.739927
-2.4674
-0.452015
-0.356044
-0.164103
0.12381
-0.547985
-1.31575
-1.69963
0.12381
-3.81099
-1.21978
-2.08352
2.33114
2.42711
4.15458
2.52308
0.411722
1.08352
-1.31575
-1.7956
-0.164103
-1.41172
2.42711
2.71502
0.411722
1.4674
2.33114
3.96264
0.507692
-4.29084
-5.34652
-2.17949
1.75531
1.85128
6.16996
-2.65934
-2.65934
-3.71502
-1.50769
-4.00293
-1.7956
0.891575
3.0989
6.45788
2.13919
5.69011
4.25055
5.69011
2.33114
4.25055
9.24103
5.69011
7.80147
7.32161
5.30623
10.4886
0.699634
4.15458
-0.260073
6.84176
8.95311
8.85714
6.55385
8.85714
9.52894
13.6557
13.0799
6.93773
10.2007
6.64982
9.62491
3.7707
4.44249
1.08352
2.52308
5.59414
5.69011
6.93773
3.0989
4.92234
7.12967
7.60952
7.60952
7.70549
3.96264
7.41758
9.72088
10.5846
6.84176
9.14505
6.64982
7.32161
4.53846
3.7707
3.57875
6.07399
2.13919
3.7707
1.75531
3.29084
3.38681
8.76117
7.12967
8.76117
7.12967
7.32161
7.0337
4.34652
2.61905
3.57875
0.603663
1.4674
3.38681
5.49817
4.53846
-0.0681319
2.81099
5.4022
6.74579
9.81685
7.32161
5.4022
3.67473
1.27546
0.699634
0.315751
-1.31575
-1.12381
-3.52308
-2.85128
-4.0989
-0.643956
-3.81099
-6.01832
-7.45788
-3.81099
-4.19487
-6.97802
-5.53846
-3.23516
-5.53846
-6.21026
-5.63443
-3.71502
-3.23516
-2.65934
-0.643956
0.411722
2.71502
-1.21978
-0.643956
-1.21978
-0.164103
-4.48278
-5.7304
-5.7304
-6.11429
-5.34652
-3.52308
-1.31575
-3.13919
-1.41172
0.21978
0.21978
-0.0681319
-1.69963
-4.57875
-6.4022
-6.30623
-5.15458
-4.29084
-2.85128
-7.74579
-10.337
-8.22564
-6.88205
-7.26593
-8.99341
-10.1451
-9.95311
-6.30623
-6.11429
-5.34652
-6.21026
-3.13919
-6.4022
-5.53846
-7.74579
-6.59414
-5.15458
-4.67473
-8.32161
-0.0681319
-1.50769
-1.60366
-5.25055
-5.25055
-7.26593
-6.59414
-4.00293
-3.13919
-0.0681319
-2.65934
-4.00293
-6.69011
-9.6652
-8.70549
-13.9839
-14.4637
-11.2007
-7.93773
-8.22564
-6.30623
-7.93773
-2.65934
-3.52308
-1.50769
0.411722
0.507692
-0.547985
0.603663
-1.31575
-1.98755
0.315751
0.411722
0.699634
-2.75531
-1.50769
-3.42711
-3.33114
0.987546
-1.50769
3.67473
-1.12381
-3.61905
-8.22564
-6.11429
-3.04322
-1.21978
1.37143
2.13919
5.21026
7.89744
7.0337
4.82637
0.21978
3.67473
5.11429
5.69011
6.3619
4.44249
3.38681
-0.452015
-4.19487
-1.60366
-1.41172
0.21978
2.13919
0.891575
0.315751
1.65934
2.71502
3.00293
1.17949
4.53846
7.51355
6.26593
4.7304
-0.835897
2.42711
6.16996
6.93773
5.78608
2.33114
1.4674
5.11429
9.62491
8.47326
5.4022
1.56337
0.315751
0.21978
-2.4674
0.411722
0.795604
3.96264
3.48278
5.69011
5.69011
3.57875
5.69011
4.63443
5.21026
8.95311
5.49817
8.28132
9.43297
6.93773
-1.02784
-0.164103
-0.452015
-1.21978
-1.31575
-2.94725
-3.71502
-0.931868
3.86667
5.88205
0.987546
-3.33114
-6.49817
-4.96264
-5.15458
-7.16996
-9.28132
-11.6806
-7.45788
-9.08938
-6.30623
-6.21026
-2.4674
-4.7707
-2.75531
-3.33114
-5.7304
-5.05861
-7.3619
-10.433
-10.7209
-13.4081
-13.504
-7.74579
-8.41758
-5.92234
-6.21026
-1.7956
-0.643956
-1.89158
-4.19487
-5.63443
-3.81099
-3.61905
-1.02784
-1.21978
-2.94725
-1.50769
0.411722
2.13919
4.53846
0.411722
0.0278388
-2.4674
-0.643956
-0.0681319
-4.0989
-4.57875
-5.15458
0.315751
5.4022
7.99341
7.32161
-0.452015
-0.739927
-3.04322
-2.27546
-2.27546
-4.0989
-6.30623
-3.52308
-1.7956
-2.65934
-4.7707
-1.41172
1.27546
3.00293
3.00293
1.4674
-0.931868
0.21978
0.987546
0.315751
1.08352
3.96264
2.23516
6.64982
6.64982
8.76117
9.04908
7.32161
5.4022
7.22564
8.08938
7.41758
5.11429
1.37143
-2.75531
-3.33114
-1.02784
3.96264
3.7707
8.47326
7.99341
5.69011
2.71502
1.65934
0.12381
2.23516
1.56337
2.33114
-0.356044
-0.643956
-4.57875
-4.7707
-8.99341
-8.41758
-7.55385
-7.93773
-10.433
-8.12967
-8.41758
-3.23516
-2.56337
-4.7707
-4.29084
-3.81099
-5.7304
-5.25055
-4.29084
-4.67473
-8.12967
-6.11429
-4.86667
-5.92234
-1.31575
-1.89158
-3.42711
-4.86667
-1.89158
-1.50769
-0.643956
2.23516
5.11429
5.97802
10.3927
11.4484
11.3524
9.43297
9.14505
11.4484
7.22564
8.37729
6.45788
5.01832
-0.260073
1.17949
2.52308
4.53846
4.82637
3.7707
6.07399
4.92234
8.37729
6.84176
8.18535
7.22564
7.99341
5.78608
6.16996
6.74579
5.59414
2.81099
-0.0681319
0.411722
2.90696
4.92234
4.15458
1.94725
2.61905
-2.85128
-2.85128
-2.75531
-6.78608
-5.15458
-5.15458
-3.71502
-2.65934
-3.81099
-6.88205
-6.69011
-4.67473
-2.94725
-3.13919
-5.34652
-6.21026
-5.63443
-9.37729
-7.74579
-5.82637
-4.48278
-6.88205
-5.25055
-8.60952
-5.34652
-9.85714
-7.26593
-8.80147
-7.16996
-6.97802
-6.59414
-8.41758
-10.1451
-12.5443
-12.3524
-11.2007
-14.0799
-14.4637
-13.7919
-12.8322
-14.4637
-14.3678
-13.9839
-12.5443
-9.56923
-8.80147
-8.70549
-6.49817
-6.01832
-4.96264
-3.81099
-5.15458
-8.99341
-11.0088
-7.26593
-8.70549
-7.26593
-4.7707
-5.15458
-3.13919
-0.643956
4.92234
7.0337
9.04908
2.81099
0.891575
-0.835897
1.4674
3.57875
4.25055
1.75531
0.411722
1.75531
3.48278
3.0989
2.81099
1.17949
-1.02784
-1.41172
-3.33114
-3.81099
-2.85128
-4.57875
-4.86667
-6.30623
-5.15458
-5.82637
-5.25055
-4.38681
-1.50769
-2.08352
-2.94725
-2.37143
-2.75531
-1.02784
-4.48278
-7.07399
-9.08938
-11.3927
-12.7363
-11.3927
-7.26593
-8.12967
-5.7304
-4.38681
-3.33114
-4.48278
-6.97802
-11.2007
-13.8879
-13.2161
-10.1451
-6.4022
-5.92234
-9.18535
-13.1201
-14.3678
-8.32161
-10.0491
-10.8168
-11.1048
-11.6806
-11.8725
-14.0799
-11.2967
-10.0491
-9.47326
-6.4022
-4.48278
-1.50769
-1.50769
-1.41172
1.56337
-2.37143
-0.164103
5.01832
6.74579
1.17949
0.603663
-1.21978
0.795604
0.507692
4.7304
6.3619
5.30623
9.91282
11.7363
6.84176
8.08938
3.86667
10.1048
11.0645
12.1201
8.47326
12.8879
9.52894
7.51355
6.93773
6.93773
9.72088
6.74579
10.2007
8.28132
10.0088
8.6652
8.85714
9.43297
10.5846
13.8476
15.0952
19.3179
18.0703
15.863
16.0549
15.3832
14.0396
12.7919
13.1758
13.3678
10.3927
11.5443
7.70549
6.84176
5.88205
8.85714
8.6652
11.3524
11.8322
10.2967
11.3524
9.337
9.52894
8.37729
7.22564
6.55385
4.15458
4.63443
2.81099
2.90696
4.63443
5.4022
3.96264
3.29084
-0.0681319
-1.7956
-1.69963
-1.31575
-0.931868
-3.13919
-1.7956
-2.17949
1.37143
1.85128
5.78608
3.7707
2.33114
4.34652
2.81099
4.44249
5.69011
7.70549
4.25055
3.29084
1.08352
0.315751
3.00293
12.8879
17.1106
12.6
8.76117
1.94725
2.52308
2.90696
5.4022
1.17949
-1.02784
4.25055
3.48278
7.99341
4.53846
5.59414
0.987546
1.27546
3.00293
0.699634
-4.00293
-2.37143
-3.33114
0.795604
-2.08352
-3.42711
-2.27546
-0.452015
-3.90696
-4.67473
-1.50769
1.27546
0.603663
3.96264
4.44249
8.85714
10.0088
10.6806
8.18535
5.4022
9.81685
12.8879
5.01832
3.29084
2.04322
0.603663
2.52308
-1.31575
-5.44249
-3.04322
1.17949
2.13919
3.57875
5.97802
5.21026
3.96264
1.08352
-0.356044
-1.7956
-1.89158
-5.25055
-6.78608
-7.55385
-7.64982
-8.89744
-11.3927
-8.89744
-7.64982
-5.44249
-5.53846
-5.15458
-4.00293
-2.94725
-5.7304
-8.22564
-8.12967
-9.18535
-9.76117
-8.80147
-11.0088
-13.3121
-10.337
-10.433
-10.6249
-6.21026
-8.41758
-6.59414
-5.53846
-6.01832
-10.6249
-9.18535
-10.5289
-8.51355
-7.07399
-8.60952
-3.90696
-6.78608
-5.53846
-8.0337
-6.88205
-9.56923
-6.78608
-7.55385
-5.53846
-4.96264
-7.26593
-6.88205
-5.15458
-3.33114
-6.21026
-6.59414
-2.94725
-6.88205
-6.11429
-9.6652
-8.0337
-6.69011
-1.60366
5.88205
7.0337
6.84176
1.94725
0.507692
0.603663
0.795604
-0.0681319
2.81099
-0.452015
-3.04322
-4.00293
-3.61905
-3.61905
-5.15458
-2.65934
-1.98755
-0.931868
0.699634
3.0989
3.0989
1.17949
0.891575
1.08352
4.05861
2.61905
-1.21978
-1.60366
-2.08352
0.795604
2.52308
3.00293
3.86667
3.00293
7.12967
5.49817
5.21026
5.21026
6.55385
7.51355
4.25055
2.71502
2.71502
0.0278388
-2.27546
-3.42711
0.411722
1.65934
-1.02784
-5.53846
-5.25055
-5.44249
-7.16996
-3.13919
-0.452015
-6.59414
-4.38681
-5.53846
-0.547985
-0.260073
4.63443
2.61905
4.15458
1.27546
3.00293
3.67473
-4.00293
-0.835897
1.85128
3.19487
0.507692
0.21978
-0.739927
-0.260073
3.19487
3.38681
1.4674
1.56337
-0.260073
2.61905
2.71502
1.08352
-1.02784
2.33114
2.71502
5.88205
3.86667
2.81099
5.11429
4.34652
1.27546
1.65934
4.53846
5.4022
3.67473
3.57875
4.63443
5.59414
6.16996
3.00293
-0.356044
0.795604
-3.13919
-6.4022
-8.12967
-12.0645
-10.433
-8.12967
-8.0337
-11.8725
-11.5846
-8.99341
-4.57875
-8.80147
-8.32161
-4.19487
-3.71502
-4.48278
-5.63443
-5.44249
-3.52308
-0.0681319
4.92234
4.7304
1.56337
-1.41172
-5.7304
-4.29084
-3.33114
-3.04322
0.0278388
-0.739927
-1.41172
0.891575
0.411722
-1.50769
-2.37143
-4.19487
-6.4022
0.21978
-1.31575
0.0278388
1.85128
-0.931868
-1.98755
-3.42711
-7.55385
-13.3121
-9.56923
-11.7766
-14.1758
-12.6403
-11.0088
-13.0242
-8.99341
-8.70549
-5.44249
-7.64982
-9.37729
-8.60952
-11.0088
-6.49817
-5.15458
-9.18535
-7.07399
-9.85714
-10.5289
-9.47326
-7.64982
0.0278388
-6.11429
-5.63443
-10.8168
-4.67473
-8.51355
-9.95311
-16.2872
-11.6806
-13.6
-10.7209
-9.95311
-3.81099
-3.52308
-9.08938
-5.05861
-9.76117
-5.92234
-3.04322
-0.452015
-1.41172
-2.37143
-4.96264
-4.86667
-0.931868
-1.12381
-1.60366
-3.33114
-7.07399
-7.3619
-3.71502
-2.17949
-4.48278
-2.17949
-4.19487
-2.17949
-2.56337
-2.37143
-5.63443
-4.38681
-4.7707
-2.65934
-5.53846
-2.17949
1.08352
-1.69963
-1.89158
-1.7956
-0.0681319
-0.260073
0.507692
2.04322
-3.33114
0.21978
-2.56337
1.27546
-0.835897
1.85128
2.13919
5.01832
4.7304
1.56337
-0.260073
1.65934
0.795604
0.21978
5.01832
5.59414
4.15458
5.78608
3.48278
0.507692
-0.164103
-0.643956
-3.13919
3.67473
5.49817
9.14505
7.41758
9.81685
2.61905
5.4022
8.37729
9.14505
7.99341
7.12967
12.696
8.6652
4.25055
4.7304
6.45788
9.43297
1.08352
1.37143
3.19487
-2.4674
-2.37143
-2.37143
1.85128
0.795604
2.23516
-6.21026
-5.82637
-0.547985
-6.49817
-5.44249
-7.16996
-7.93773
-8.41758
-9.76117
-6.01832
-4.48278
-1.21978
-1.89158
-3.13919
-0.547985
-1.50769
-4.57875
-1.89158
-5.44249
-8.32161
-1.89158
-5.53846
-2.94725
-4.38681
-3.90696
-4.57875
-4.0989
-5.34652
-6.49817
-7.74579
-6.21026
-4.0989
-0.835897
-1.50769
-6.49817
-6.01832
-5.82637
-5.15458
-2.75531
-2.85128
-1.89158
0.315751
0.987546
3.19487
1.75531
3.48278
0.699634
-3.90696
-3.42711
-3.04322
-1.7956
0.21978
-1.50769
-5.34652
-3.33114
-4.0989
0.315751
1.37143
4.53846
2.23516
-1.7956
-6.88205
-8.22564
-12.8322
-12.2564
-7.84176
-4.00293
-16.863
-8.12967
-4.96264
-4.7707
-6.69011
-7.64982
-4.57875
-9.08938
-8.0337
-14.3678
-11.1048
-17.2469
-11.9685
-10.8168
-8.99341
-3.61905
-10.6249
-10.337
-10.0491
-8.22564
-9.56923
-5.63443
-4.86667
-5.92234
-3.04322
-1.02784
-3.71502
-1.69963
-6.01832
-3.52308
-1.02784
-9.08938
-2.85128
-12.6403
1.56337
-7.16996
-2.4674
-8.89744
-6.78608
-0.931868
-1.69963
-3.81099
-1.21978
-4.19487
-8.89744
-8.51355
-6.78608
-8.60952
-6.01832
-2.08352
-1.60366
2.61905
1.75531
4.34652
-0.260073
3.38681
4.7304
1.56337
1.94725
7.32161
4.34652
4.63443
4.44249
1.85128
2.90696
1.17949
3.0989
0.12381
3.57875
4.25055
3.19487
4.82637
5.01832
6.64982
8.6652
3.7707
1.65934
6.55385
6.26593
12.1201
8.47326
15.1912
18.1663
19.8938
14.0396
16.8227
19.3179
17.6864
19.03
16.1509
16.6308
14.1355
15.6711
10.3927
12.8879
12.2161
10.2007
9.04908
7.80147
7.12967
5.4022
9.62491
9.62491
11.1604
10.2007
8.37729
8.28132
7.41758
6.93773
6.64982
6.45788
8.37729
7.32161
10.0088
10.2967
9.52894
9.04908
6.74579
8.85714
8.85714
5.21026
1.27546
-0.164103
4.15458
1.37143
4.82637
3.0989
-0.356044
3.0989
-1.21978
-0.931868
-0.547985
-1.50769
-0.931868
-1.21978
-1.89158
-1.31575
-2.65934
-2.56337
0.21978
3.19487
3.29084
4.25055
4.05861
3.38681
0.315751
0.603663
-0.356044
-1.41172
-3.71502
-6.21026
-6.49817
-5.53846
-4.57875
-4.67473
1.37143
2.71502
0.21978
1.27546
2.81099
3.57875
3.67473
5.69011
5.11429
7.89744
6.93773
8.28132
10.2007
6.84176
2.04322
-0.356044
1.56337
0.795604
-0.547985
0.315751
1.56337
1.08352
2.23516
5.30623
6.07399
5.11429
4.92234
4.34652
5.88205
7.12967
5.01832
3.48278
4.7304
3.57875
5.11429
4.63443
-0.547985
-0.931868
0.795604
-0.452015
5.49817
5.59414
4.34652
3.00293
-4.29084
1.27546
-3.13919
1.17949
-4.29084
1.17949
0.21978
-0.547985
1.4674
4.15458
3.96264
5.01832
6.74579
5.97802
3.7707
2.71502
2.81099
-1.12381
0.699634
0.987546
-3.42711
-5.63443
-1.89158
-1.69963
2.81099
1.75531
1.56337
-0.164103
1.37143
-0.356044
-0.452015
0.603663
3.00293
10.2007
3.57875
6.93773
5.11429
3.00293
2.42711
-4.57875
1.37143
-8.99341
-7.93773
-8.12967
-6.69011
-5.15458
-3.90696
-2.37143
-1.89158
-0.739927
-0.835897
-4.38681
-1.50769
-0.356044
-0.452015
-3.04322
-2.65934
-5.53846
-5.05861
-8.70549
-8.41758
-6.30623
-3.81099
-5.82637
-7.93773
-6.49817
-6.11429
-6.30623
-7.74579
-6.69011
-4.19487
-4.7707
-4.19487
-9.08938
-7.45788
-4.7707
-5.34652
-4.67473
-4.19487
-7.16996
-8.60952
-5.82637
-3.42711
-6.59414
-8.60952
-8.51355
-7.74579
-5.92234
-4.29084
-6.69011
-6.59414
-7.55385
-5.25055
-3.52308
-4.38681
-6.59414
-4.0989
-2.56337
-0.164103
-1.50769
1.37143
-1.98755
-2.56337
-0.452015
0.795604
-1.89158
2.42711
1.56337
1.56337
-0.0681319
0.21978
-0.356044
-1.7956
-2.17949
-4.0989
-3.52308
1.56337
-8.99341
-2.4674
-0.547985
4.25055
1.65934
3.00293
2.42711
0.507692
0.12381
0.699634
-1.31575
-2.94725
1.37143
0.795604
3.19487
4.05861
-0.260073
-3.90696
-6.69011
-7.64982
-7.3619
-5.92234
-0.835897
0.507692
2.90696
3.29084
7.70549
4.25055
4.63443
4.92234
4.53846
-0.164103
-3.42711
-3.61905
-5.15458
-2.85128
-0.931868
-4.67473
-3.04322
-1.7956
-0.356044
-3.71502
-1.50769
3.0989
-1.60366
0.795604
-6.11429
-5.7304
-4.29084
-1.69963
-2.94725
-2.17949
-3.23516
-2.17949
-1.60366
0.603663
4.53846
2.23516
3.7707
0.795604
0.411722
4.05861
11.3524
9.43297
2.90696
-0.164103
-4.0989
-2.08352
1.4674
3.00293
4.7304
-0.452015
-5.92234
-7.64982
-7.45788
-3.71502
-0.739927
-1.12381
3.57875
0.507692
1.4674
3.29084
5.49817
5.01832
3.57875
2.61905
0.411722
1.75531
-0.547985
1.37143
3.19487
4.25055
4.63443
3.86667
3.29084
-0.260073
-1.41172
0.12381
-0.739927
3.96264
4.25055
0.12381
1.85128
1.27546
0.795604
-1.89158
-1.50769
-4.0989
-1.7956
-0.452015
-3.42711
-2.27546
-0.452015
-2.27546
2.23516
2.23516
1.37143
1.37143
1.37143
2.33114
3.29084
3.7707
3.48278
3.38681
0.699634
5.21026
4.63443
3.48278
1.17949
-3.42711
-1.98755
-4.67473
-5.05861
-3.23516
-2.17949
1.37143
-0.643956
1.17949
0.699634
0.21978
-2.4674
-3.04322
-3.33114
1.37143
1.56337
1.27546
2.71502
1.94725
-0.164103
-1.69963
-1.12381
-1.21978
2.61905
0.795604
3.19487
0.12381
0.891575
3.57875
5.4022
5.78608
4.44249
7.41758
9.337
10.8725
11.6403
10.2007
8.56923
8.56923
4.82637
4.25055
9.337
10.6806
11.3524
11.4484
12.504
12.504
5.59414
7.99341
3.57875
2.90696
4.63443
6.64982
6.3619
5.4022
3.29084
4.15458
3.86667
2.04322
1.94725
4.63443
7.12967
3.57875
5.97802
7.51355
7.51355
2.81099
5.21026
6.74579
7.89744
8.08938
7.41758
5.59414
3.7707
3.00293
4.34652
6.93773
9.337
3.86667
5.88205
4.63443
3.38681
1.94725
4.34652
6.93773
1.27546
5.01832
3.96264
1.94725
3.29084
2.90696
4.05861
6.45788
9.81685
7.70549
3.57875
3.00293
1.94725
-1.02784
-4.29084
-6.78608
-9.28132
-6.01832
-8.22564
-5.05861
-3.42711
-0.931868
-1.41172
-1.12381
-0.260073
-2.85128
2.42711
0.411722
0.315751
1.17949
2.42711
3.29084
-0.356044
-3.90696
-5.44249
-4.29084
1.4674
1.75531
-1.02784
1.56337
1.65934
-0.739927
3.00293
2.71502
-4.7707
-0.260073
1.65934
-0.931868
2.13919
5.69011
6.64982
2.42711
1.17949
2.52308
5.30623
2.90696
2.42711
2.42711
4.92234
1.4674
2.04322
3.96264
-0.164103
1.27546
-0.643956
0.507692
2.23516
-0.547985
-4.29084
-4.29084
-4.48278
1.08352
-2.65934
-3.13919
-2.75531
-4.00293
-3.33114
-4.67473
-1.98755
-2.94725
-2.27546
-0.452015
3.57875
1.4674
4.25055
3.86667
1.75531
8.47326
0.0278388
2.13919
-2.85128
-2.4674
-8.32161
-9.76117
-7.45788
-4.19487
-3.81099
-3.71502
-6.69011
-7.45788
-3.81099
-6.21026
-8.22564
-5.34652
-4.48278
-4.48278
-3.33114
-7.55385
-8.41758
-6.11429
-6.69011
-9.08938
-9.6652
-10.6249
-10.433
-11.0088
-7.55385
-6.49817
-8.0337
-6.59414
-12.2564
-6.30623
-1.41172
-3.52308
-5.53846
-9.47326
-6.78608
-9.37729
-10.7209
-6.97802
-5.7304
-6.01832
-6.01832
-1.98755
-4.67473
-3.13919
-9.18535
-7.16996
-1.89158
-4.38681
-7.45788
-7.74579
-10.337
-8.22564
-6.97802
-1.02784
0.21978
0.987546
-0.260073
0.891575
-0.164103
-2.08352
-0.643956
-1.69963
2.33114
3.00293
1.75531
1.37143
-2.94725
-1.50769
0.21978
-1.12381
3.38681
5.01832
1.94725
1.85128
-2.4674
1.08352
0.315751
-4.67473
1.17949
-1.50769
1.4674
9.337
7.80147
9.81685
7.32161
5.30623
0.21978
0.603663
-3.23516
-3.52308
