-1.98755
-3.81099
-1.98755
-2.94725
-2.37143
-2.65934
-0.835897
-2.56337
-5.7304
-3.33114
-5.7304
-5.92234
-4.0989
-2.27546
2.23516
-0.0681319
-1.60366
-6.01832
-4.19487
-4.38681
-1.50769
-2.37143
-1.89158
-2.27546
-1.69963
1.85128
3.29084
-0.260073
-2.4674
-3.04322
-3.33114
-0.835897
-3.52308
-2.27546
1.75531
-1.89158
-0.547985
1.27546
-2.56337
1.65934
-0.452015
-1.89158
-2.17949
-3.42711
-4.38681
-6.21026
-6.59414
-6.59414
-7.55385
-7.74579
-3.33114
-7.45788
-6.69011
-8.22564
-7.84176
-2.75531
-4.67473
-2.37143
-1.69963
-1.7956
-4.19487
-3.52308
-4.0989
0.0278388
-0.931868
-0.260073
1.37143
-0.739927
-3.04322
-3.52308
-7.07399
-5.44249
-1.31575
-1.02784
-1.89158
-4.48278
-3.33114
-4.7707
-3.90696
1.08352
1.4674
-2.4674
-1.89158
-0.931868
3.0989
2.90696
4.15458
-0.452015
-4.48278
-4.29084
-1.69963
0.795604
0.21978
-4.0989
-6.88205
-5.44249
-5.7304
-2.27546
-3.04322
-3.71502
-2.85128
-3.04322
-0.452015
-0.931868
-0.835897
-2.85128
-1.21978
1.27546
-3.04322
-3.04322
-2.17949
-2.17949
-0.0681319
-4.00293
1.75531
5.78608
8.85714
-8.12967
-15.9033
3.0989
-11.3927
-5.34652
-4.67473
-5.82637
-3.71502
-4.19487
-6.49817
-3.71502
0.411722
-3.04322
-3.23516
-1.41172
-1.89158
-1.21978
-1.89158
-0.0681319
-0.452015
-0.547985
-0.356044
-0.643956
2.42711
4.63443
6.07399
4.63443
2.81099
5.69011
3.86667
4.53846
3.19487
4.05861
1.85128
1.27546
0.0278388
1.56337
-1.98755
-4.57875
-0.260073
-1.7956
2.90696
-1.89158
-0.835897
0.987546
5.11429
-5.15458
-2.4674
-8.60952
-9.6652
-2.56337
-8.99341
-15.9033
-17.6308
-10.9128
-12.5443
-14.6557
-12.4484
-8.70549
-9.37729
-8.51355
-7.07399
-6.21026
-7.45788
-5.53846
-2.94725
-3.52308
0.315751
-0.164103
1.94725
1.4674
-3.61905
-2.65934
-1.60366
3.96264
7.51355
6.74579
7.60952
4.82637
2.61905
6.45788
5.88205
4.82637
19.8938
11.3524
-24.1568
27.5714
-12.9282
-4.86667
-0.547985
-10.8168
0.21978
3.00293
5.69011
4.34652
7.70549
2.71502
1.17949
1.75531
2.61905
4.92234
5.69011
9.24103
9.337
7.89744
10.4886
19.9897
-8.0337
3.57875
-2.4674
2.71502
9.62491
10.0088
11.4484
7.60952
8.28132
7.80147
4.82637
5.01832
3.38681
1.65934
2.13919
-0.164103
3.0989
3.48278
2.33114
-0.260073
-3.13919
2.81099
2.71502
6.07399
0.21978
1.94725
2.71502
1.37143
1.56337
2.52308
1.75531
-1.21978
-1.60366
-3.42711
-1.98755
-5.53846
-3.33114
-4.38681
-4.7707
-5.15458
-6.69011
-6.30623
-7.07399
-3.71502
-4.0989
-6.4022
-4.19487
-3.90696
-2.94725
-3.81099
-6.01832
-2.85128
0.411722
-21.0857
-15.8073
10.0088
-5.25055
3.29084
-1.69963
-1.21978
-3.52308
-0.739927
-0.835897
0.987546
3.7707
3.48278
4.05861
1.17949
3.19487
5.59414
5.11429
5.97802
5.01832
8.6652
10.0088
10.1048
7.80147
7.89744
4.7304
5.11429
5.97802
5.59414
6.64982
6.55385
5.30623
5.21026
3.7707
2.61905
2.52308
3.29084
2.90696
3.0989
2.23516
1.85128
0.603663
-1.60366
-2.85128
-0.931868
0.0278388
-4.38681
-1.60366
-2.08352
-3.71502
-9.18535
-5.05861
-3.71502
0.0278388
3.38681
-3.13919
-4.67473
-6.4022
-8.80147
-5.15458
-7.16996
-6.97802
-8.41758
-8.51355
-8.70549
-8.70549
-12.3524
-12.8322
-11.3927
-6.11429
-4.29084
-4.0989
-2.65934
-2.08352
-3.90696
-4.48278
-4.19487
-6.69011
-8.0337
-5.63443
-5.92234
-3.90696
-4.57875
-8.60952
-4.7707
-4.57875
-4.48278
-3.13919
-3.23516
-4.7707
-3.61905
-4.67473
-6.69011
-7.45788
-4.48278
-6.21026
-3.23516
-4.29084
-3.33114
-6.69011
-7.3619
-5.44249
-3.61905
0.21978
-3.52308
-4.67473
-1.21978
1.17949
1.65934
3.48278
2.61905
4.53846
4.44249
7.51355
5.4022
1.37143
-0.356044
1.17949
5.30623
4.15458
9.43297
9.04908
3.38681
-3.61905
-4.29084
-5.44249
-2.85128
3.86667
5.59414
8.37729
7.51355
5.21026
0.507692
0.12381
0.507692
0.795604
3.7707
2.71502
5.30623
4.53846
2.81099
2.61905
2.81099
3.67473
3.96264
8.76117
11.3524
8.08938
-0.452015
0.507692
1.37143
0.795604
-1.98755
0.315751
-0.452015
-2.08352
-2.56337
-2.17949
-1.89158
0.315751
-3.13919
-4.0989
-2.56337
-1.89158
-2.4674
-2.27546
3.00293
-0.931868
-1.02784
-1.02784
1.27546
4.34652
2.90696
1.75531
2.90696
-1.12381
1.27546
-2.94725
-3.23516
-5.63443
-0.164103
-7.74579
-4.29084
-6.21026
0.315751
-3.71502
-5.82637
-7.55385
-5.44249
-4.96264
-5.82637
-8.0337
-5.7304
-7.84176
-5.15458
-2.27546
-2.94725
-3.33114
-3.71502
2.23516
2.33114
0.21978
1.08352
-0.739927
3.38681
7.41758
10.2967
9.62491
6.3619
3.00293
-2.65934
-11.3927
-9.56923
-8.22564
-5.05861
-0.931868
0.507692
8.76117
8.18535
3.0989
1.94725
3.38681
6.55385
7.80147
9.62491
8.28132
7.60952
10.3927
7.32161
7.51355
8.08938
3.57875
1.85128
0.21978
1.65934
0.795604
-1.60366
-1.21978
-3.04322
-2.85128
-2.65934
-1.41172
0.891575
0.891575
-3.13919
-2.27546
-3.42711
-3.13919
1.85128
-4.48278
0.891575
1.65934
3.00293
1.37143
0.21978
-5.15458
-3.42711
0.987546
-1.41172
1.75531
-1.69963
-3.81099
-5.44249
-0.356044
1.56337
-1.89158
0.603663
2.71502
-5.15458
-6.59414
-6.69011
-7.45788
-5.53846
-4.38681
-3.23516
0.21978
-0.931868
-4.00293
0.891575
-0.547985
0.21978
-1.50769
0.603663
0.12381
1.94725
3.7707
3.48278
2.81099
0.891575
2.04322
-0.643956
0.795604
2.23516
3.19487
1.85128
-0.164103
3.00293
-0.452015
-1.89158
1.56337
4.44249
3.7707
1.4674
-1.41172
2.81099
0.507692
0.315751
0.891575
0.795604
2.42711
1.56337
-0.260073
-0.260073
3.00293
3.67473
1.94725
-1.02784
-1.41172
0.507692
-1.02784
-0.643956
2.42711
2.42711
0.12381
0.0278388
-2.17949
-1.98755
1.08352
0.795604
-1.69963
-1.50769
-1.21978
-0.356044
5.59414
2.23516
2.81099
3.29084
6.84176
-0.643956
2.81099
-0.452015
-3.13919
-4.29084
-12.1604
-10.5289
-10.241
-9.85714
-7.74579
-7.3619
-6.59414
-7.3619
-8.70549
-4.96264
-6.01832
-5.44249
-6.97802
-4.7707
-2.56337
-2.37143
-4.86667
-5.82637
-7.07399
-9.95311
-11.6806
-13.1201
-12.6403
-11.2967
-11.4886
-8.32161
-4.00293
-6.59414
-6.4022
-6.97802
-6.21026
-7.55385
-4.96264
-3.13919
-5.44249
-5.63443
-5.92234
-5.25055
-5.44249
-5.63443
-6.30623
-6.30623
-7.84176
-3.90696
-0.164103
1.56337
5.4022
5.01832
5.59414
4.7304
6.26593
9.81685
10.2967
10.3927
9.43297
4.92234
5.21026
9.91282
12.696
11.3524
13.7516
10.0088
9.62491
12.8879
11.2564
11.6403
10.5846
11.6403
10.2007
7.70549
7.70549
3.19487
3.19487
6.07399
2.33114
3.0989
2.81099
0.21978
2.13919
1.37143
0.891575
2.52308
8.28132
1.17949
-1.50769
-5.63443
-5.05861
-4.57875
-3.33114
-0.164103
1.65934
4.7304
2.52308
-1.69963
0.987546
-0.931868
-0.452015
-0.739927
-1.98755
-3.33114
-1.41172
-0.931868
-2.65934
-0.643956
-0.835897
1.37143
3.38681
5.69011
4.7304
6.45788
6.45788
7.89744
6.93773
9.62491
9.52894
11.8322
11.7363
10.7766
9.52894
3.57875
3.48278
1.37143
6.26593
3.7707
3.86667
4.44249
6.3619
7.80147
7.70549
5.11429
4.25055
-1.21978
-3.13919
-1.02784
1.85128
1.75531
4.92234
5.11429
3.0989
1.85128
-0.643956
-1.60366
-2.85128
-1.60366
0.507692
2.33114
1.94725
7.41758
5.59414
6.93773
2.61905
7.22564
7.99341
5.11429
8.76117
8.56923
13.1758
11.4484
10.3927
8.28132
5.4022
8.37729
5.30623
-0.356044
5.88205
3.29084
2.52308
2.04322
1.56337
-2.17949
-6.30623
-2.27546
-4.86667
-2.56337
0.411722
0.987546
-1.98755
-1.12381
0.891575
1.27546
-1.7956
-3.71502
-6.59414
-5.7304
-2.17949
-3.04322
-5.25055
-4.7707
-4.67473
-3.33114
-2.65934
-0.739927
-6.49817
-6.11429
-0.931868
-5.15458
-0.643956
-3.52308
-4.19487
-4.29084
-5.15458
-6.88205
-4.57875
-5.34652
-5.25055
-4.19487
-2.08352
0.315751
-2.85128
-3.52308
-4.48278
-1.50769
-3.33114
-2.85128
-3.52308
-4.7707
-1.98755
-0.547985
0.411722
0.795604
-0.260073
2.33114
5.69011
5.11429
9.337
6.07399
5.78608
6.26593
4.34652
3.29084
2.61905
3.0989
-1.02784
3.0989
2.71502
7.0337
6.3619
1.85128
-3.04322
-6.30623
-7.07399
-11.6806
-6.4022
-8.32161
-2.56337
3.0989
3.96264
4.44249
3.0989
-0.260073
-0.643956
-2.08352
-5.53846
-5.63443
-3.81099
2.90696
4.05861
4.53846
2.23516
-1.21978
0.315751
0.987546
3.7707
6.55385
6.84176
8.6652
6.64982
5.11429
1.75531
-2.27546
-1.69963
-1.41172
-0.0681319
-2.75531
-2.65934
-1.50769
-1.12381
-2.65934
-0.164103
0.603663
-0.356044
-2.85128
-3.52308
-1.02784
-0.0681319
-2.94725
-2.56337
-6.21026
-3.71502
-2.75531
-1.50769
-1.89158
-1.98755
-0.356044
-3.33114
-5.15458
-6.78608
-5.25055
-5.53846
-3.04322
-1.21978
-1.41172
-2.27546
0.603663
-1.69963
-1.31575
-2.65934
-6.49817
-5.7304
-7.55385
-5.53846
-4.67473
-1.50769
-6.11429
-6.78608
-6.21026
-6.21026
-8.41758
-5.44249
-2.75531
-5.44249
-5.63443
-7.3619
-8.89744
-11.1048
-7.64982
-4.57875
-5.34652
-9.56923
-11.2007
-12.9282
-12.4484
-15.8073
-15.2315
-13.8879
-17.7267
-17.5348
-20.9897
-21.4696
-17.5348
-18.4945
-16.959
-16.2872
-19.0703
-15.2315
-10.433
-12.9282
-15.9993
-16.3832
-15.9033
-11.7766
-8.89744
-4.19487
-7.3619
-7.84176
-9.6652
-7.55385
-6.78608
-8.80147
-7.55385
-7.45788
-1.02784
-2.85128
-1.69963
-1.41172
0.987546
-0.164103
-0.547985
-2.27546
-3.04322
-0.452015
-3.04322
-2.27546
-3.90696
-2.94725
1.75531
0.603663
2.71502
-2.75531
-2.27546
-2.75531
4.05861
2.52308
-1.41172
-2.56337
-2.75531
-1.69963
0.411722
-1.02784
-6.21026
-6.97802
-7.26593
-3.90696
-3.33114
-1.60366
-0.835897
-4.19487
-2.94725
-2.17949
-0.547985
-0.164103
-2.17949
-1.89158
-0.643956
2.71502
3.96264
4.92234
-0.0681319
0.699634
6.16996
5.21026
1.37143
-1.12381
1.94725
0.0278388
5.4022
2.90696
4.53846
4.25055
7.12967
8.08938
8.85714
7.32161
8.18535
11.6403
9.14505
8.95311
6.45788
7.89744
5.97802
3.0989
5.78608
2.04322
2.13919
1.94725
4.53846
2.23516
6.84176
7.12967
4.44249
3.29084
1.75531
6.84176
4.7304
4.25055
4.7304
3.38681
-1.02784
3.38681
3.86667
4.44249
2.81099
6.84176
7.89744
10.8725
9.62491
9.72088
15.5751
13.7516
9.52894
15.4791
14.1355
9.43297
7.60952
11.8322
17.1106
20.7575
21.1414
18.5502
16.4388
14.9993
12.9839
14.7114
14.2315
9.62491
7.60952
5.69011
3.7707
6.84176
14.3275
10.5846
11.0645
14.9993
16.5348
18.6462
14.1355
7.80147
7.12967
6.74579
8.56923
8.18535
6.74579
9.337
2.71502
3.38681
3.57875
-1.60366
-2.17949
0.411722
2.71502
2.23516
3.7707
3.0989
3.48278
2.33114
1.4674
1.17949
1.17949
0.987546
0.795604
1.17949
3.57875
2.33114
4.44249
8.28132
8.47326
6.84176
3.86667
0.987546
1.37143
2.81099
5.01832
5.88205
4.63443
4.34652
3.19487
11.1604
5.88205
12.8879
8.28132
5.11429
6.07399
5.4022
3.96264
6.07399
10.6806
2.61905
3.19487
6.74579
6.16996
2.23516
2.33114
-0.931868
-4.57875
-0.643956
-0.452015
3.00293
1.37143
2.61905
2.61905
0.699634
4.82637
5.30623
4.63443
5.4022
-2.94725
5.01832
5.21026
8.6652
0.603663
-0.643956
-2.75531
0.411722
8.6652
7.60952
6.3619
2.61905
-0.739927
-1.98755
1.37143
0.315751
-0.547985
-2.94725
5.01832
8.47326
4.05861
0.21978
8.47326
1.27546
3.57875
-0.452015
1.4674
-3.13919
-8.51355
-10.337
-7.16996
-4.86667
-1.31575
0.12381
-4.29084
0.411722
-3.61905
1.65934
0.891575
7.70549
3.86667
-0.547985
-4.38681
-1.12381
1.75531
1.56337
3.38681
4.82637
2.71502
-0.547985
-5.7304
-3.81099
-6.01832
-4.67473
-7.07399
-6.49817
-5.82637
-9.47326
-8.99341
-7.93773
-5.92234
-9.28132
-11.3927
-9.6652
-8.99341
-10.5289
-14.3678
-11.8725
-14.6557
-17.4388
-17.7267
-14.2718
-13.6
-7.26593
-9.95311
-10.241
-9.28132
-7.07399
-5.82637
-5.92234
-4.48278
-4.19487
-6.4022
-15.7114
-13.7919
-16.1912
-12.6403
-13.6
-10.9128
-8.0337
-9.6652
-8.41758
-6.4022
-14.6557
-13.0242
-7.16996
-7.26593
-3.33114
-1.50769
-0.356044
0.12381
-4.19487
-2.27546
-2.75531
0.507692
-1.60366
-4.96264
-8.12967
-9.37729
-6.97802
-8.60952
-11.6806
-11.2967
-13.1201
-16.4791
-15.3275
-11.5846
-12.8322
-12.8322
-17.2469
-14.6557
-11.2967
-8.80147
-8.89744
-11.5846
-9.18535
-2.4674
-4.00293
-2.27546
-0.547985
-4.7707
-1.60366
-6.59414
-7.07399
-8.60952
-5.44249
-6.49817
-3.81099
-3.04322
-2.37143
-6.78608
-7.3619
-7.07399
-5.63443
-6.4022
-6.59414
-5.34652
-5.53846
-6.69011
-3.61905
-7.55385
-13.9839
-8.32161
-16.3832
-12.5443
-15.0396
-9.95311
-9.6652
-7.74579
-6.97802
-3.90696
-5.53846
-2.85128
-2.94725
-7.3619
-7.07399
-1.21978
-10.433
-12.8322
-11.0088
-12.1604
-8.70549
-8.70549
-9.28132
-7.45788
-10.241
-7.64982
-9.95311
-11.2967
-11.9685
-13.8879
-14.3678
-8.89744
-11.3927
-11.4886
-7.3619
-5.44249
-4.7707
-4.29084
-1.69963
-5.63443
-5.15458
-4.86667
-0.739927
-3.61905
-2.65934
-1.21978
-5.44249
-4.38681
-3.52308
3.67473
6.07399
2.52308
7.41758
4.25055
-0.643956
-1.12381
-4.86667
-6.4022
-0.739927
-2.17949
-0.164103
1.65934
1.85128
1.4674
-0.452015
-0.260073
2.33114
6.45788
6.93773
6.07399
8.28132
3.67473
5.01832
6.93773
5.69011
5.01832
-0.931868
-1.69963
-4.19487
-5.34652
-7.3619
-8.89744
-5.34652
-2.37143
-1.89158
-0.835897
-1.89158
-4.00293
-3.23516
-6.78608
-5.34652
-3.81099
-0.931868
3.7707
7.12967
5.97802
1.85128
1.94725
-1.21978
-3.23516
0.507692
3.48278
3.38681
5.49817
1.56337
5.69011
2.81099
0.507692
0.603663
-0.739927
-0.356044
-2.08352
-0.739927
-1.12381
-0.835897
-1.98755
-2.65934
-4.19487
-6.21026
-5.82637
-4.86667
-5.82637
-5.25055
-5.34652
-5.92234
-4.38681
-7.07399
-7.55385
-3.61905
-0.452015
6.64982
-5.53846
-6.30623
0.411722
-2.37143
-0.260073
-1.69963
3.96264
9.52894
6.74579
5.59414
4.63443
1.65934
-3.42711
-0.0681319
-7.16996
-4.19487
-0.452015
-2.4674
4.7304
4.53846
10.1048
4.44249
3.96264
4.44249
0.411722
1.4674
3.67473
2.52308
3.57875
4.53846
5.01832
5.88205
3.96264
5.49817
1.75531
6.16996
5.11429
7.89744
6.45788
5.59414
2.52308
1.75531
-0.452015
-0.643956
-0.356044
-0.0681319
2.71502
1.08352
4.34652
5.21026
6.93773
1.56337
-2.65934
0.987546
6.55385
8.85714
5.59414
2.13919
2.61905
0.891575
1.75531
0.891575
1.08352
1.65934
5.49817
5.49817
0.0278388
-2.27546
-1.31575
-2.56337
2.13919
1.85128
1.4674
1.4674
0.987546
2.71502
2.61905
3.29084
3.19487
4.82637
1.56337
5.21026
3.19487
2.04322
3.96264
3.67473
2.52308
6.93773
9.91282
8.18535
7.70549
7.32161
7.89744
7.80147
6.64982
8.85714
9.91282
6.45788
3.00293
1.75531
1.65934
0.315751
-3.81099
-5.44249
-0.931868
-1.60366
0.21978
-4.86667
-0.739927
-5.92234
-6.11429
-5.82637
-1.69963
-2.75531
-0.739927
-1.41172
0.411722
-2.75531
-0.356044
2.81099
1.65934
0.795604
3.19487
2.52308
0.891575
-0.739927
-1.98755
-1.21978
-0.643956
-0.356044
-3.71502
-4.00293
-1.21978
-0.0681319
0.603663
-3.04322
0.21978
-3.42711
-3.42711
-2.75531
-5.34652
-8.70549
-8.41758
-10.5289
-10.6249
-12.0645
-12.5443
-9.47326
-8.0337
-4.29084
-3.61905
-5.34652
-7.84176
-7.93773
-8.22564
-8.60952
-7.45788
-4.7707
-5.15458
-10.0491
-9.28132
-5.34652
-6.69011
-4.7707
-7.16996
-1.31575
-2.56337
-2.56337
-3.42711
-5.25055
-7.26593
-6.97802
-9.28132
-8.99341
-6.78608
-9.95311
-9.6652
-6.11429
-0.931868
-3.81099
-1.31575
-5.82637
0.12381
3.29084
2.42711
3.29084
1.08352
-1.41172
-0.164103
-1.12381
-3.33114
0.795604
1.65934
5.11429
4.44249
-4.96264
-4.38681
-5.34652
-6.30623
-7.3619
-6.88205
-9.28132
-9.37729
-17.8227
-9.08938
-9.6652
-14.2718
-15.9993
-14.9436
-12.7363
-10.8168
-10.337
-11.1048
-10.6249
-14.6557
-13.6
-11.4886
-6.11429
1.37143
-4.57875
-1.12381
-3.13919
-4.48278
-5.15458
-8.60952
-10.9128
-11.3927
-8.12967
-3.13919
-2.37143
-1.41172
2.71502
2.42711
4.53846
4.34652
2.33114
-3.33114
-0.164103
-0.739927
-6.97802
-2.27546
-1.7956
0.987546
1.4674
-6.01832
-1.21978
-0.164103
-4.48278
-4.96264
-3.04322
0.699634
6.45788
6.84176
5.59414
4.44249
-0.835897
6.45788
1.37143
0.987546
-0.0681319
-1.41172
-1.7956
-0.164103
0.603663
0.315751
2.52308
5.88205
6.55385
5.21026
0.891575
1.56337
3.19487
2.04322
1.37143
3.86667
3.57875
6.93773
6.3619
4.92234
3.86667
1.94725
6.93773
3.0989
1.27546
-2.08352
-1.50769
0.507692
0.699634
-0.356044
3.67473
-2.85128
-2.56337
-0.931868
-0.260073
1.94725
6.45788
4.34652
4.44249
6.45788
4.53846
4.53846
5.30623
1.65934
5.59414
6.64982
5.01832
6.26593
7.22564
5.4022
-0.835897
0.12381
-2.08352
-1.98755
3.38681
-1.21978
0.699634
-4.29084
-1.02784
1.75531
4.05861
3.57875
0.699634
3.67473
4.25055
5.30623
5.97802
9.52894
8.47326
12.3121
13.4637
11.7363
8.37729
8.76117
8.56923
10.2007
11.5443
12.3121
12.4081
11.9282
10.3927
9.14505
9.52894
14.4234
15.0952
12.2161
10.8725
7.41758
6.55385
6.45788
7.12967
8.85714
5.78608
6.84176
4.53846
5.78608
7.12967
8.6652
8.76117
0.603663
-4.38681
-4.0989
-3.04322
-5.05861
-5.15458
-6.11429
-4.86667
-5.63443
-6.21026
-4.48278
-5.44249
-2.94725
-3.42711
-5.15458
-3.33114
-5.82637
-5.7304
-5.34652
-2.94725
-3.81099
-10.241
-10.9128
-11.1048
-2.37143
-2.94725
-14.2718
-10.7209
-14.1758
-14.4637
-15.4234
-13.9839
-13.504
-12.5443
-11.1048
-5.25055
-4.29084
2.33114
-2.65934
1.17949
1.56337
1.65934
-0.739927
2.23516
1.08352
-2.85128
-4.00293
-6.88205
-6.49817
-1.69963
-5.63443
-5.7304
-6.01832
-0.835897
3.19487
2.71502
5.21026
-3.52308
-6.88205
-3.52308
-3.81099
-2.75531
0.21978
0.987546
-2.27546
-0.452015
-4.00293
0.411722
-2.65934
-0.0681319
2.90696
3.38681
1.56337
1.75531
2.13919
5.01832
2.61905
-0.164103
-1.12381
-1.7956
-1.7956
-3.61905
-1.60366
-1.02784
-2.85128
-0.739927
0.891575
-0.547985
-0.452015
-4.0989
2.61905
0.21978
3.0989
1.4674
2.61905
5.88205
5.30623
0.0278388
-1.31575
-1.50769
-1.21978
-3.23516
4.63443
-4.19487
4.15458
1.75531
-2.65934
-5.34652
-2.37143
-8.89744
-4.38681
-1.7956
5.49817
-2.08352
-5.15458
-1.89158
-2.27546
1.94725
-2.75531
-8.99341
-10.0491
-8.12967
-8.80147
-5.15458
-3.90696
-7.84176
-7.45788
-4.7707
5.49817
-4.29084
2.61905
4.34652
-1.12381
-9.76117
-3.04322
-14.2718
-7.84176
-8.99341
-13.504
-9.18535
-4.96264
-7.16996
0.795604
1.75531
3.29084
6.74579
5.88205
8.47326
16.8227
14.3275
13.7516
7.41758
6.16996
6.55385
8.85714
9.04908
9.04908
12.696
7.0337
12.0242
14.7114
13.1758
15.0952
17.2066
14.1355
15.2872
11.4484
23.7326
19.3179
18.4542
21.8132
12.3121
15.1912
19.9897
13.3678
15.5751
11.2564
14.4234
17.1106
13.7516
9.62491
13.4637
11.0645
12.6
12.504
16.5348
9.337
9.04908
2.42711
6.64982
7.80147
3.57875
6.74579
3.57875
5.11429
5.69011
6.55385
2.23516
7.12967
2.71502
1.27546
1.56337
3.48278
-4.0989
2.33114
-1.41172
-2.4674
4.05861
0.12381
-4.0989
-1.50769
-5.15458
-1.12381
-4.48278
-7.64982
-13.1201
-10.0491
-8.0337
-6.88205
-6.78608
-4.19487
-8.51355
-5.82637
-10.337
-7.74579
-5.92234
-1.31575
2.13919
-7.84176
-5.44249
-2.08352
1.75531
-2.94725
-1.98755
-1.31575
-1.89158
4.05861
0.411722
2.23516
6.07399
1.27546
4.15458
-0.739927
0.891575
3.96264
3.48278
1.85128
2.42711
3.0989
7.32161
5.01832
7.60952
4.44249
3.0989
0.411722
-3.52308
-0.260073
-0.164103
1.17949
2.90696
4.63443
6.45788
5.11429
1.08352
-4.57875
-13.0242
-11.7766
-6.49817
-2.75531
-5.15458
-6.59414
-5.63443
-7.84176
-7.45788
-9.37729
-11.1048
-8.60952
-6.01832
-5.15458
-5.7304
-4.86667
-11.5846
-8.12967
-11.5846
-10.7209
-6.59414
-5.53846
-4.0989
-6.30623
-8.22564
-7.64982
-9.28132
-3.81099
-8.89744
-7.45788
-11.4886
-10.337
-12.7363
-10.9128
-5.53846
-6.69011
-3.71502
-4.29084
-2.4674
-7.74579
-12.4484
-12.9282
-11.4886
-7.93773
-8.60952
-7.3619
-4.7707
-2.4674
-1.41172
-5.44249
2.33114
-1.7956
3.0989
-4.7707
-5.44249
-1.50769
-2.4674
-2.85128
-1.02784
-0.0681319
0.12381
-1.98755
-0.260073
-1.31575
0.891575
0.699634
-1.89158
-3.90696
-5.25055
-4.7707
-1.21978
-5.25055
-0.452015
3.19487
2.71502
-0.931868
-1.60366
-0.164103
0.987546
-6.30623
-0.164103
3.67473
7.41758
5.11429
1.65934
3.96264
1.75531
2.23516
6.3619
5.30623
5.4022
-3.33114
3.67473
4.7304
7.70549
4.63443
8.37729
7.89744
7.41758
1.17949
4.7304
6.45788
7.0337
6.16996
5.97802
7.12967
9.62491
10.8725
10.1048
9.24103
6.3619
4.15458
0.699634
1.27546
3.00293
2.13919
5.01832
5.97802
7.22564
8.56923
8.08938
10.3927
7.0337
3.86667
6.55385
8.47326
4.15458
5.4022
0.507692
8.37729
2.90696
-1.12381
3.29084
-0.356044
-4.86667
-0.835897
1.17949
-1.60366
-4.29084
-0.835897
-4.96264
-2.56337
-1.12381
-0.0681319
-1.60366
-1.21978
-4.19487
-4.7707
-6.11429
-7.3619
-4.86667
0.21978
0.603663
1.75531
0.699634
3.7707
1.17949
1.37143
-2.4674
-4.0989
-1.21978
0.891575
-0.643956
6.3619
3.19487
11.1604
1.08352
-1.21978
1.75531
1.4674
-0.0681319
0.603663
-0.260073
2.23516
2.81099
3.0989
1.27546
1.85128
4.63443
2.52308
1.08352
0.699634
0.21978
0.21978
0.21978
-1.41172
-3.23516
1.08352
-2.4674
-5.53846
0.12381
-0.164103
-0.931868
1.56337
-1.89158
2.61905
-1.31575
-2.65934
-1.7956
0.21978
1.4674
1.4674
2.52308
-0.356044
0.891575
3.38681
1.65934
-0.452015
-2.56337
-2.56337
-7.26593
-5.44249
-4.86667
-4.7707
-3.13919
-2.37143
0.699634
-1.31575
-0.835897
-3.61905
-1.98755
-2.08352
-3.71502
-1.31575
-6.69011
-5.25055
-7.55385
-6.01832
-8.32161
-5.82637
-8.80147
-12.2564
-10.241
-12.1604
-7.74579
-4.86667
-5.44249
-8.12967
-7.93773
-5.05861
-7.55385
-2.27546
-5.05861
-4.38681
-7.3619
-8.51355
-7.84176
-6.59414
-5.05861
-8.99341
-5.05861
-3.42711
-6.88205
-5.15458
0.891575
-2.4674
0.507692
-1.02784
2.71502
1.27546
0.603663
-1.69963
-4.00293
-0.164103
-0.452015
-2.85128
0.891575
0.603663
0.21978
1.94725
-0.0681319
2.71502
1.27546
4.63443
5.88205
10.5846
7.70549
6.3619
6.55385
3.57875
2.71502
1.75531
0.12381
2.71502
2.90696
4.7304
4.25055
3.86667
-2.94725
-0.835897
-0.452015
0.315751
3.0989
3.86667
9.04908
11.2564
7.80147
3.7707
3.00293
6.45788
3.67473
2.13919
1.75531
0.411722
8.95311
7.32161
6.45788
4.25055
6.07399
2.04322
-3.71502
2.23516
1.17949
-0.547985
-0.260073
3.48278
3.7707
3.38681
1.75531
-0.164103
0.0278388
3.7707
10.5846
10.0088
8.37729
3.0989
5.69011
5.30623
7.51355
4.82637
2.23516
1.94725
7.32161
10.4886
12.696
12.2161
10.0088
11.5443
12.1201
11.9282
15.863
17.4945
14.8073
14.7114
9.72088
7.89744
6.74579
7.89744
10.3927
9.04908
4.7304
10.3927
10.9685
7.89744
7.51355
9.43297
4.82637
3.7707
2.52308
1.4674
3.96264
0.891575
0.987546
4.44249
5.11429
5.78608
6.84176
10.9685
9.81685
6.07399
9.91282
7.41758
8.18535
5.69011
2.23516
0.891575
1.17949
0.603663
0.315751
1.75531
2.13919
1.56337
3.0989
4.7304
3.96264
4.7304
8.95311
4.82637
3.86667
0.795604
3.0989
1.75531
1.85128
2.23516
-2.85128
-3.90696
-4.7707
-5.7304
-6.21026
-2.75531
-0.260073
-3.61905
-1.12381
0.987546
-1.7956
-2.94725
-2.65934
-2.27546
-2.17949
-7.26593
-11.5846
-6.69011
-6.69011
-6.59414
-6.59414
-6.49817
-5.63443
-7.84176
-7.07399
-1.60366
0.12381
-1.41172
-4.19487
-7.07399
-6.01832
-4.67473
-1.89158
-0.643956
-1.02784
-7.55385
-6.01832
-4.29084
-3.42711
-5.82637
-6.97802
-7.16996
-7.26593
-7.64982
-5.34652
-4.19487
-7.45788
-5.7304
-7.07399
-7.3619
-8.22564
-7.74579
-5.7304
-6.69011
-3.42711
-3.71502
2.33114
6.26593
7.0337
3.7707
-0.164103
-4.96264
-3.13919
-0.452015
-2.08352
-3.71502
-5.25055
-6.78608
-5.7304
-3.13919
1.27546
1.65934
2.13919
3.29084
1.37143
1.4674
4.34652
1.94725
3.00293
-0.164103
0.795604
-3.71502
-2.37143
-4.7707
-4.38681
-2.75531
-0.547985
-1.31575
-0.164103
3.00293
2.90696
-0.452015
0.315751
8.56923
8.6652
6.07399
3.86667
1.75531
5.30623
7.89744
8.28132
6.07399
7.51355
7.60952
7.99341
7.51355
4.7304
3.38681
6.3619
7.32161
9.14505
3.7707
3.48278
3.29084
5.59414
5.30623
4.7304
1.37143
-1.31575
-1.69963
-2.27546
1.56337
3.19487
2.61905
1.75531
0.21978
-3.23516
-2.08352
0.12381
1.85128
-0.739927
-2.4674
-3.71502
-3.13919
-4.7707
-1.12381
-0.931868
1.17949
-3.13919
0.891575
0.315751
4.05861
3.00293
-0.260073
3.86667
5.97802
9.14505
4.82637
5.30623
6.26593
5.69011
8.47326
8.37729
6.16996
3.29084
2.52308
3.67473
3.96264
1.56337
1.08352
1.08352
2.42711
1.75531
-3.52308
0.411722
0.411722
4.92234
-1.12381
-2.85128
-0.452015
0.12381
-0.835897
-2.65934
0.315751
-1.89158
2.23516
0.507692
1.56337
0.12381
-0.452015
-0.835897
-1.7956
-3.04322
-3.42711
-1.60366
-1.21978
-2.17949
-6.30623
-6.78608
-8.0337
-7.26593
-5.7304
-2.85128
-3.42711
-3.61905
-2.08352
-0.0681319
-1.31575
0.21978
2.04322
0.411722
-0.739927
-2.56337
-4.96264
-2.27546
1.56337
0.603663
1.37143
-1.98755
-0.0681319
1.85128
0.891575
-4.19487
-5.53846
-4.96264
-3.52308
-2.4674
-2.94725
-1.7956
-1.89158
-3.23516
-4.00293
-2.56337
0.0278388
-5.25055
-4.38681
-9.95311
-8.70549
-12.8322
-14.3678
-9.18535
-24.3487
-22.3333
-10.8168
-9.37729
-15.5194
-13.504
-12.5443
-14.4637
-11.8725
-7.84176
-10.5289
-8.80147
-6.49817
-8.60952
-9.18535
-9.08938
-14.8476
-14.5597
-11.2967
-10.8168
-8.80147
-11.2007
-5.44249
-4.86667
-7.3619
-0.739927
-12.6403
-9.08938
-7.55385
-13.6
-6.59414
-1.41172
-2.94725
-2.85128
-2.65934
-4.67473
-4.96264
-5.7304
-6.30623
-8.70549
-8.60952
-9.56923
-5.34652
-3.52308
0.0278388
1.56337
-0.547985
0.891575
1.75531
3.48278
2.71502
3.29084
1.4674
1.37143
1.94725
3.86667
1.75531
2.52308
-2.17949
-0.452015
-2.08352
3.38681
-1.50769
3.96264
-3.81099
1.4674
16.6308
-11.1048
-6.49817
-0.739927
3.38681
-6.01832
3.57875
0.411722
2.42711
7.80147
3.57875
-1.31575
1.08352
-2.65934
2.33114
4.25055
7.32161
5.97802
9.24103
8.6652
4.63443
6.64982
7.12967
7.99341
9.72088
5.59414
5.88205
3.86667
2.81099
5.4022
12.4081
-0.643956
-0.164103
5.59414
2.23516
0.795604
0.795604
0.603663
-0.643956
0.411722
-0.164103
4.34652
4.15458
3.57875
2.33114
7.32161
3.0989
2.61905
1.17949
2.81099
2.42711
4.63443
7.12967
3.57875
4.53846
8.6652
4.92234
8.85714
4.34652
3.00293
2.13919
3.96264
2.04322
3.96264
-2.37143
-6.4022
-3.42711
-2.08352
6.16996
-10.241
-7.45788
-0.0681319
-12.1604
-13.696
-6.59414
-2.94725
-4.00293
-7.3619
-6.11429
-8.32161
-5.63443
-2.75531
1.94725
-2.65934
-5.15458
-1.12381
0.0278388
0.21978
-1.89158
-2.17949
-3.23516
-3.23516
-4.86667
-4.7707
-2.65934
-3.90696
-3.81099
-3.42711
-3.71502
-3.81099
-0.260073
1.27546
1.85128
4.82637
5.30623
5.69011
5.11429
4.92234
-6.78608
-2.65934
-6.59414
-6.21026
-5.05861
-4.86667
-2.85128
-0.739927
-0.0681319
-0.452015
-2.65934
-0.452015
-4.96264
-4.00293
-1.98755
-5.25055
-5.34652
-4.67473
-4.00293
-2.08352
-3.52308
1.65934
0.699634
0.699634
-4.48278
-4.67473
-1.60366
-2.17949
0.699634
2.52308
4.92234
2.52308
4.25055
5.59414
-0.452015
0.987546
1.17949
-6.11429
-7.26593
-2.56337
-1.41172
-0.643956
-3.42711
-2.85128
-2.17949
-3.04322
-2.37143
1.56337
4.92234
2.81099
1.27546
-1.69963
-0.0681319
0.603663
-2.65934
-1.89158
-0.643956
0.891575
-0.643956
-3.13919
-3.61905
-7.64982
-4.67473
-5.15458
-0.452015
-2.17949
-0.452015
-1.41172
-0.452015
-2.37143
-2.17949
-3.90696
-5.05861
-4.0989
-3.33114
-1.89158
-2.37143
-2.94725
-3.42711
2.42711
3.48278
7.12967
4.82637
0.507692
3.67473
4.82637
3.19487
-1.12381
-0.0681319
1.37143
4.44249
9.04908
14.8073
14.7114
14.7114
7.99341
4.53846
4.25055
2.81099
-0.547985
-1.98755
-1.50769
-1.89158
-2.65934
2.33114
8.47326
7.89744
7.51355
2.90696
3.00293
3.19487
3.19487
4.7304
1.4674
-1.60366
3.7707
3.86667
4.92234
9.04908
7.70549
11.6403
