-4.0989
-0.0681319
0.12381
2.13919
8.47326
7.99341
9.43297
9.81685
11.7363
9.04908
5.59414
6.3619
4.82637
5.59414
3.19487
0.411722
0.507692
-0.0681319
-3.04322
-0.164103
1.85128
4.82637
0.411722
-2.94725
2.42711
0.315751
0.891575
2.33114
5.4022
3.19487
-0.164103
-2.37143
-5.15458
-2.27546
-0.164103
1.27546
-3.71502
-8.22564
-7.07399
-6.78608
-8.51355
-10.433
-10.0491
-8.22564
-5.63443
-3.42711
-1.21978
0.603663
0.603663
0.411722
0.12381
-5.25055
-2.27546
-4.38681
-4.96264
-4.0989
-6.69011
-6.88205
-6.4022
-3.04322
-1.31575
1.56337
1.4674
5.49817
5.21026
3.00293
4.05861
7.89744
7.0337
4.44249
7.12967
8.37729
7.89744
9.52894
8.85714
6.26593
9.337
12.4081
9.43297
7.22564
6.07399
7.0337
5.78608
5.59414
4.82637
0.315751
-3.04322
1.17949
-0.931868
-0.643956
-1.69963
-1.7956
-3.04322
-2.08352
-1.12381
-2.27546
-2.08352
-0.547985
1.56337
0.603663
-0.547985
0.987546
-2.08352
1.17949
3.96264
-1.31575
-3.04322
-1.69963
1.94725
0.411722
2.61905
1.08352
3.00293
4.7304
5.30623
0.795604
-1.41172
-1.69963
-2.85128
-3.23516
-2.85128
-2.4674
-1.31575
-2.27546
-3.52308
-6.88205
-7.55385
-8.32161
-7.74579
-8.60952
-6.4022
-7.3619
-6.4022
-3.23516
-1.69963
-7.26593
-9.85714
-9.08938
-7.55385
-6.88205
-4.86667
-5.05861
1.08352
1.56337
-2.4674
-2.27546
-2.37143
-3.90696
-3.23516
-1.41172
-2.65934
-4.00293
-2.4674
0.411722
-1.60366
1.17949
2.52308
2.90696
1.94725
2.61905
1.27546
0.891575
3.7707
0.507692
-0.931868
1.37143
-0.260073
1.17949
3.0989
4.82637
7.12967
7.89744
9.14505
10.8725
8.85714
9.72088
7.41758
7.32161
6.93773
5.30623
2.33114
3.29084
3.19487
2.13919
1.85128
2.13919
0.411722
1.27546
3.00293
6.55385
9.52894
7.32161
3.29084
0.21978
1.27546
1.08352
1.65934
-2.75531
-5.53846
-6.01832
-9.47326
-4.7707
-4.00293
0.795604
0.795604
-0.260073
2.61905
-0.356044
4.05861
4.53846
2.61905
5.59414
6.45788
7.80147
11.1604
7.41758
3.48278
-1.50769
-4.19487
-2.65934
-2.4674
-0.164103
2.13919
8.6652
9.91282
7.12967
4.92234
-1.12381
1.56337
-0.547985
-6.59414
-0.260073
-1.89158
-0.835897
-1.31575
-1.50769
-3.81099
-4.57875
-4.0989
-7.07399
-7.3619
-7.45788
-6.78608
-8.60952
-6.97802
-8.0337
-5.44249
-0.739927
-2.85128
-2.4674
1.17949
4.34652
6.64982
7.41758
7.12967
3.00293
-2.65934
-5.05861
-6.97802
-4.29084
-5.63443
-0.164103
2.23516
-0.835897
3.00293
1.75531
1.4674
-1.41172
-5.44249
0.411722
-5.05861
-3.52308
-1.89158
1.17949
2.61905
0.891575
6.26593
4.63443
1.75531
0.987546
-3.42711
-9.28132
-8.89744
-7.74579
-3.81099
-0.452015
1.27546
1.27546
-1.21978
-3.42711
-6.4022
-9.85714
-7.3619
-8.32161
-11.1048
-6.59414
-5.63443
-5.34652
-5.92234
-6.59414
-5.7304
-1.89158
-5.44249
-1.50769
-3.71502
-7.16996
-6.21026
-7.45788
-6.59414
-6.11429
-7.84176
-8.12967
-6.01832
-7.3619
-10.1451
-6.88205
-8.12967
-6.97802
-8.12967
-7.84176
-6.21026
-6.11429
-7.55385
-9.95311
-11.3927
-12.1604
-10.6249
-12.9282
-13.6
-14.1758
-5.15458
-11.3927
-5.44249
-2.65934
-3.52308
-5.92234
-5.44249
-5.7304
-7.64982
-8.22564
-4.29084
-4.48278
-7.74579
-10.1451
-9.56923
-6.69011
-1.02784
0.603663
3.86667
0.987546
-3.52308
-4.0989
-1.98755
-0.835897
-1.60366
-2.94725
1.17949
-3.52308
-3.33114
-5.7304
1.27546
1.56337
-4.0989
0.795604
-1.12381
0.891575
0.987546
4.25055
9.337
6.84176
9.52894
5.97802
4.63443
6.26593
3.96264
2.33114
1.85128
-0.164103
4.25055
-3.52308
-4.38681
0.987546
2.52308
-0.0681319
6.55385
7.70549
4.63443
6.26593
13.0799
13.7516
19.6059
5.4022
-2.75531
9.24103
3.0989
6.55385
2.42711
2.42711
7.60952
10.3927
7.12967
7.70549
5.21026
2.33114
3.29084
3.96264
1.27546
3.19487
2.42711
1.4674
34.0015
-25.1165
2.81099
5.97802
8.37729
7.99341
6.16996
3.29084
14.8073
21.6212
35.0571
2.42711
3.29084
16.3429
16.5348
3.0989
13.3678
9.72088
12.1201
-3.33114
3.48278
1.94725
8.47326
4.63443
4.15458
5.01832
5.11429
1.94725
2.04322
4.7304
5.21026
0.315751
5.69011
10.3927
4.7304
10.6806
14.3275
11.6403
13.7516
8.95311
13.1758
5.01832
5.97802
4.05861
3.0989
5.21026
2.71502
5.4022
3.29084
10.2007
-6.59414
-0.835897
0.987546
-3.71502
-0.164103
-4.38681
1.17949
1.56337
1.27546
1.94725
3.29084
0.891575
0.507692
-1.31575
-0.739927
-7.64982
-0.547985
2.90696
-7.26593
-2.56337
1.85128
-2.75531
-3.90696
-0.356044
0.507692
2.04322
1.56337
0.603663
-0.0681319
2.42711
1.27546
3.29084
-0.547985
0.891575
-0.547985
-0.260073
0.987546
-2.75531
-5.25055
-6.30623
-8.22564
-8.70549
-7.26593
-6.11429
-7.55385
-6.11429
-8.41758
-4.19487
-6.21026
-4.7707
-4.38681
-1.60366
-1.69963
-1.7956
-4.38681
-9.37729
-8.99341
-10.9128
-6.69011
-7.16996
0.987546
-11.7766
-4.00293
-8.89744
-6.21026
-9.28132
-13.2161
-14.5597
-13.696
-8.80147
-15.2315
-12.0645
-13.8879
-10.241
-11.4886
-11.4886
-15.9033
-14.2718
-14.1758
-16.863
-16.0952
-15.9033
-8.99341
-12.1604
-15.0396
-20.4139
-14.8476
-17.7267
-17.4388
-18.7824
-20.6059
-18.0147
-18.6864
-17.7267
-16.1912
-15.4234
-14.2718
-11.3927
-14.0799
-17.7267
-15.5194
-11.5846
-9.76117
-7.93773
-9.85714
-8.41758
-6.21026
-6.49817
-6.88205
-8.70549
-7.55385
-9.18535
-8.99341
-16.2872
-10.433
-10.7209
-12.2564
-10.337
-10.8168
-10.8168
-6.49817
-1.89158
1.4674
4.92234
10.3927
3.7707
3.7707
9.43297
-0.547985
3.0989
-1.12381
-1.69963
-4.29084
0.21978
-0.931868
-0.164103
0.21978
0.795604
4.15458
7.32161
0.12381
4.44249
2.33114
4.05861
8.76117
6.3619
10.4886
5.69011
3.57875
5.4022
10.6806
14.2315
4.92234
3.7707
12.3121
2.52308
8.76117
15.5751
10.7766
7.51355
14.4234
11.4484
12.6
7.51355
11.0645
15.5751
6.55385
11.7363
15.1912
10.3927
13.9436
13.0799
15.6711
14.6154
3.00293
7.22564
12.1201
13.9436
18.0703
21.5253
16.6308
23.6366
11.7363
9.81685
12.7919
11.7363
5.21026
11.9282
17.0147
13.4637
14.2315
16.3429
14.1355
12.9839
13.6557
16.2469
16.1509
13.4637
13.5597
15.2872
21.7172
8.76117
6.26593
14.1355
19.6059
20.4696
19.5099
22.6769
23.4447
18.6462
20.1817
22.581
-3.81099
15.1912
5.30623
19.5099
10.4886
21.4293
14.3275
18.0703
19.4139
21.0454
14.3275
26.5158
21.1414
15.959
20.7575
22.485
20.0857
21.9092
13.9436
19.3179
15.0952
12.0242
14.0396
15.2872
15.1912
15.1912
14.8073
12.504
10.5846
7.99341
6.64982
11.6403
-1.89158
15.5751
0.603663
8.6652
4.53846
0.315751
-1.50769
-1.31575
0.891575
-3.23516
4.34652
-5.82637
2.33114
11.1604
-4.48278
1.37143
-1.21978
-1.7956
-1.21978
0.315751
-3.71502
-0.835897
-0.547985
-0.547985
0.507692
-1.50769
-3.13919
-4.67473
-5.92234
-8.51355
-10.9128
-6.49817
-13.8879
-9.6652
-10.241
-12.1604
-17.1509
-18.9744
-13.696
-15.8073
-12.5443
-4.67473
-10.5289
-24.1568
-21.6615
-18.2066
-15.0396
-12.7363
-11.1048
-9.85714
-8.0337
-10.5289
-10.8168
-6.78608
-8.51355
-7.26593
-9.56923
-7.93773
-4.86667
-9.76117
-4.96264
-4.29084
-10.7209
-8.41758
-5.92234
-3.90696
-2.85128
-6.4022
-3.90696
2.52308
0.987546
-1.02784
-4.96264
-6.21026
-11.2967
-9.85714
-12.5443
-10.0491
-10.0491
-12.0645
-11.7766
-5.92234
-9.18535
-6.01832
-6.49817
-9.18535
-8.22564
-7.16996
-6.97802
-6.88205
-9.18535
-5.82637
-5.53846
-2.75531
-4.96264
-1.60366
-8.80147
-0.835897
0.891575
-6.30623
-5.92234
-10.7209
-7.07399
-13.4081
-5.25055
-7.45788
-5.7304
-8.12967
-8.0337
-10.9128
-0.164103
-7.93773
-11.8725
-13.7919
-11.3927
-3.90696
-15.4234
-4.7707
-8.80147
-9.76117
-7.55385
-6.21026
-7.93773
-5.44249
-0.260073
1.08352
1.56337
4.25055
11.7363
-8.51355
-5.82637
-1.31575
1.94725
-2.37143
2.90696
-1.41172
0.411722
0.987546
-0.164103
-1.31575
-5.92234
0.315751
0.891575
4.44249
2.71502
3.0989
9.81685
7.22564
7.89744
10.5846
10.8725
12.9839
15.2872
12.3121
16.0549
14.9033
18.1663
13.6557
1.75531
4.15458
5.59414
13.0799
7.0337
10.2007
10.2007
7.60952
9.43297
9.43297
12.7919
11.4484
12.6
16.7267
15.0952
13.5597
10.3927
14.5194
11.5443
14.0396
12.6
11.0645
11.6403
12.6
12.8879
14.7114
7.0337
14.0396
18.7421
11.9282
15.1912
14.7114
18.4542
16.0549
15.6711
15.1912
15.5751
15.0952
17.3985
17.7824
14.4234
12.9839
13.1758
4.63443
4.92234
3.19487
4.05861
3.67473
7.0337
3.00293
7.60952
6.93773
6.64982
4.7304
5.88205
4.92234
5.97802
7.12967
6.55385
7.99341
5.78608
8.56923
3.67473
8.08938
5.11429
10.4886
2.33114
6.3619
6.74579
3.29084
1.27546
0.21978
1.85128
0.21978
2.52308
0.21978
-3.13919
-4.7707
-5.25055
-2.37143
-4.86667
-7.64982
-8.60952
-5.7304
-10.6249
-10.241
-11.9685
-6.4022
-7.3619
-7.64982
-5.34652
-5.05861
-3.04322
-4.19487
-1.98755
-2.27546
-2.37143
-5.34652
-4.19487
-5.25055
-11.3927
-9.08938
-8.12967
-4.96264
-3.71502
-2.75531
-2.75531
-3.61905
-7.45788
-9.18535
-11.6806
-9.37729
-10.241
-9.95311
-14.2718
-12.3524
-9.56923
-8.70549
-10.9128
-13.9839
-12.5443
-12.7363
-9.95311
-9.37729
-7.84176
-8.0337
-8.60952
-11.2967
-12.3524
-11.7766
-11.7766
-10.1451
-12.5443
-11.3927
-8.80147
-7.26593
-7.93773
-8.70549
-13.1201
-12.0645
-11.2007
-9.28132
-8.80147
-9.95311
-11.6806
-13.2161
-14.4637
-14.5597
-11.0088
-8.80147
-9.28132
-10.337
-11.7766
-7.64982
-17.0549
-12.7363
-19.0703
-18.3026
-18.7824
-18.9744
-19.0703
-18.6864
-18.4945
-18.4945
-15.8073
-15.9993
-16.1912
-22.7172
-25.8842
-29.915
-23.8689
-21.1817
-23.1971
-17.0549
-18.8784
-20.3179
-22.3333
-23.9648
-30.5868
-27.4198
-23.9648
-24.9245
-18.2066
-19.2623
-17.5348
-12.8322
-9.95311
-8.51355
-6.11429
-6.49817
-10.337
-9.37729
-6.30623
-8.99341
-7.26593
-3.71502
3.7707
-2.08352
2.90696
0.21978
0.795604
4.92234
-3.61905
-4.38681
0.603663
3.57875
-0.739927
-1.7956
0.891575
3.48278
8.76117
9.04908
12.7919
10.9685
9.04908
6.16996
4.92234
3.7707
4.63443
6.07399
7.89744
6.55385
5.49817
5.69011
6.07399
3.38681
2.90696
2.61905
3.96264
3.67473
-0.835897
7.70549
7.99341
2.42711
0.315751
-2.4674
-3.23516
-12.9282
-3.71502
-3.42711
-4.7707
-5.92234
-6.30623
-4.19487
-3.71502
-3.71502
-10.1451
-9.95311
-5.7304
3.48278
-10.241
-8.60952
-1.02784
2.61905
0.12381
-0.260073
-4.7707
-1.02784
3.00293
-0.260073
2.04322
0.315751
-4.19487
-8.41758
-3.52308
-1.60366
-2.4674
-1.50769
-0.739927
2.52308
3.96264
1.75531
-0.739927
-5.05861
-3.90696
3.57875
6.55385
5.78608
8.08938
4.63443
14.4234
5.21026
-7.55385
1.4674
2.81099
1.08352
5.11429
9.91282
6.74579
6.07399
5.78608
1.56337
5.01832
6.55385
7.22564
9.43297
6.45788
12.7919
9.91282
12.4081
8.18535
11.8322
9.04908
8.47326
10.8725
4.63443
5.01832
5.49817
3.67473
6.07399
1.27546
6.55385
3.38681
6.84176
9.04908
6.26593
9.14505
7.99341
9.14505
3.57875
-1.89158
1.4674
1.37143
4.15458
6.3619
9.04908
5.78608
2.90696
1.4674
5.21026
5.11429
7.22564
8.28132
8.18535
5.88205
3.38681
5.30623
4.05861
8.95311
9.43297
9.81685
10.3927
8.6652
8.95311
13.4637
11.2564
10.8725
11.8322
6.84176
11.7363
14.1355
11.0645
12.4081
12.0242
4.92234
12.696
13.9436
-6.4022
5.30623
5.21026
4.34652
6.26593
9.24103
13.3678
16.5348
7.12967
-0.452015
0.699634
-8.32161
3.0989
5.69011
4.05861
6.84176
5.11429
-1.69963
8.95311
5.11429
-0.356044
-1.69963
2.13919
2.04322
5.01832
4.25055
1.4674
-1.41172
6.55385
4.25055
9.14505
7.51355
6.3619
9.91282
5.30623
9.62491
0.987546
-1.02784
-1.41172
-3.23516
-0.835897
2.23516
5.78608
2.90696
3.7707
3.29084
1.85128
2.33114
2.13919
1.85128
3.96264
-1.12381
-6.11429
-7.16996
-10.1451
-7.55385
-14.2718
-9.95311
-10.9128
-9.95311
-8.32161
-8.60952
-9.47326
-8.51355
-3.33114
-9.56923
-3.90696
-8.22564
-7.84176
-6.4022
-8.32161
-3.23516
-2.27546
-1.12381
-4.29084
-3.52308
1.37143
2.33114
1.17949
-3.52308
-4.57875
-0.931868
4.05861
4.05861
2.04322
1.56337
-0.643956
3.19487
2.23516
0.315751
-1.21978
-3.13919
-1.21978
0.411722
-1.69963
-2.75531
-0.0681319
0.507692
1.65934
2.04322
-0.739927
-1.69963
-3.42711
-4.86667
-5.25055
-2.56337
-2.94725
-1.12381
1.27546
1.75531
-2.65934
-4.38681
-4.29084
-5.15458
-5.34652
-8.22564
-3.61905
-5.92234
-3.52308
-0.452015
-1.50769
-3.61905
-2.94725
-0.452015
-1.7956
-2.17949
-2.27546
-5.53846
2.42711
1.4674
0.795604
-2.17949
0.603663
-0.931868
-2.56337
-1.50769
-5.53846
-1.98755
0.699634
-0.931868
-2.85128
-6.11429
-10.241
-6.11429
-11.9685
-7.74579
-10.241
-6.11429
-6.78608
-4.86667
-3.04322
-1.7956
-0.452015
-5.63443
-1.98755
-2.75531
-3.04322
-3.52308
-7.55385
-6.78608
-7.3619
-4.00293
-5.44249
-4.57875
0.411722
-4.48278
-2.56337
2.13919
2.04322
2.81099
-1.31575
-0.931868
-0.931868
-0.739927
1.08352
0.699634
1.65934
-3.42711
-0.835897
-2.56337
-1.98755
-3.61905
-1.7956
2.33114
0.21978
0.795604
-5.05861
-1.41172
1.17949
2.23516
8.28132
-3.61905
0.699634
-0.739927
-1.12381
-2.17949
0.21978
-3.04322
-2.85128
0.507692
-1.21978
1.65934
-4.67473
-3.33114
-1.31575
1.27546
-0.452015
3.67473
3.7707
2.13919
4.44249
6.07399
5.69011
3.29084
4.25055
-0.260073
-4.29084
-2.85128
-7.74579
-7.74579
-5.34652
-1.89158
-1.89158
-3.90696
-4.48278
-3.23516
-4.38681
-4.67473
-5.25055
-6.88205
-2.27546
-6.4022
-8.41758
-7.74579
-4.67473
-5.92234
-7.74579
-8.89744
-8.0337
-6.78608
-9.18535
-9.76117
-7.16996
-6.49817
-6.88205
-8.89744
-11.2007
-9.37729
-6.11429
-7.16996
-6.59414
-9.28132
-9.28132
-9.85714
-12.5443
-9.76117
-7.64982
-7.55385
-8.32161
-8.60952
-8.70549
-13.2161
-11.1048
-7.84176
-6.78608
-6.59414
-5.53846
-8.89744
-7.93773
-14.4637
-14.0799
-10.6249
-9.85714
-9.28132
-8.99341
-6.01832
-6.49817
-3.90696
-3.71502
-6.69011
-10.241
-11.2967
-9.85714
-8.0337
-7.26593
-1.21978
-14.0799
-22.7172
-14.3678
-12.6403
-14.4637
-10.7209
-7.07399
-3.04322
-4.0989
-0.260073
-2.94725
-4.00293
-4.38681
-2.17949
-5.92234
-4.7707
-4.7707
-6.11429
-10.241
-12.8322
-10.0491
-9.76117
-10.241
-7.74579
-9.28132
-10.5289
-10.5289
-11.3927
-13.696
-11.6806
-12.4484
-14.0799
-13.504
-15.3275
-11.3927
-11.7766
-14.7516
-13.2161
-12.6403
-15.0396
-16.4791
-14.2718
-10.7209
-13.504
-12.7363
-15.5194
-18.3985
-17.6308
-15.2315
-14.3678
-15.7114
-13.8879
-17.0549
-16.3832
-16.3832
-16.863
-16.863
-16.959
-12.1604
-12.1604
-4.96264
-2.94725
-0.452015
-3.71502
-2.56337
-5.53846
-2.56337
0.987546
1.37143
4.53846
5.21026
3.38681
2.13919
-0.260073
-2.75531
-3.04322
3.48278
7.51355
7.22564
3.7707
1.4674
0.12381
-0.547985
1.37143
3.0989
1.75531
0.507692
3.0989
3.57875
5.78608
5.88205
-1.7956
-4.38681
-2.37143
1.27546
4.53846
11.3524
6.3619
2.90696
1.75531
5.59414
10.6806
13.5597
12.7919
7.60952
7.32161
2.90696
-1.02784
-5.82637
-2.65934
-2.27546
-1.60366
0.507692
4.53846
0.411722
-0.547985
-0.164103
2.90696
1.08352
4.53846
2.81099
3.67473
-0.356044
-2.85128
-7.55385
-2.37143
-9.28132
-2.27546
-5.92234
-1.98755
-1.60366
0.0278388
-2.4674
-3.61905
-1.21978
-5.44249
-3.23516
2.81099
-3.90696
-7.84176
-5.25055
-5.92234
-2.75531
-4.38681
-6.4022
-7.07399
-6.97802
-4.86667
-2.65934
1.08352
5.59414
5.49817
3.86667
0.795604
-0.835897
-0.260073
-2.08352
-2.75531
-1.31575
3.38681
3.57875
4.63443
2.81099
-0.0681319
0.0278388
1.4674
6.64982
11.0645
10.8725
12.2161
10.2007
10.0088
3.57875
8.28132
9.24103
9.91282
9.337
8.28132
9.14505
11.6403
9.43297
9.14505
8.85714
7.22564
10.0088
8.6652
10.7766
7.41758
11.9282
9.04908
8.47326
10.4886
10.3927
11.9282
6.3619
6.26593
3.67473
6.16996
5.69011
1.85128
4.44249
8.18535
7.80147
4.82637
7.41758
7.60952
7.0337
10.2967
9.24103
8.76117
5.78608
5.88205
6.93773
7.32161
8.37729
3.29084
2.71502
1.56337
2.90696
2.42711
-1.31575
-4.38681
-4.57875
-2.65934
-1.21978
0.987546
-2.17949
3.96264
2.90696
5.21026
2.33114
1.27546
-0.0681319
-0.835897
1.85128
-4.00293
-1.50769
-1.41172
-1.60366
0.603663
0.507692
2.90696
1.75531
1.65934
5.78608
3.67473
7.51355
2.52308
-0.356044
-1.89158
0.699634
-1.89158
0.795604
-1.21978
-0.0681319
1.08352
1.56337
3.86667
6.16996
4.05861
-0.643956
-1.89158
-0.547985
4.34652
8.76117
9.81685
7.60952
9.04908
6.55385
9.43297
10.4886
13.1758
14.3275
11.9282
14.4234
10.2967
18.0703
18.8381
15.767
8.95311
6.3619
7.22564
4.82637
4.05861
2.23516
3.96264
4.05861
5.78608
6.07399
12.1201
8.18535
6.84176
4.53846
2.90696
3.19487
4.53846
4.82637
5.78608
9.04908
9.81685
11.0645
7.60952
6.45788
4.53846
5.97802
5.01832
3.38681
1.27546
-1.60366
2.71502
2.33114
2.33114
4.53846
2.90696
4.34652
2.04322
4.05861
4.15458
-5.63443
-7.26593
-5.63443
-1.69963
2.81099
3.29084
-1.7956
-7.16996
-8.32161
-12.1604
-12.8322
-11.0088
-7.84176
-7.93773
-6.78608
-1.02784
-1.7956
-4.0989
-7.64982
-5.44249
-4.96264
-6.01832
-6.21026
-4.38681
-2.94725
-1.50769
-4.0989
-3.23516
-5.82637
-6.11429
-2.17949
-1.02784
0.795604
-6.21026
-5.92234
-9.85714
-6.49817
-6.69011
-7.07399
-2.08352
-2.56337
-3.71502
-3.90696
-2.4674
-0.739927
-3.90696
-1.21978
-2.94725
0.411722
10.0088
7.41758
6.55385
1.27546
2.81099
1.75531
2.04322
7.0337
8.28132
4.25055
4.44249
1.85128
3.00293
-0.0681319
-1.21978
-0.164103
0.507692
2.81099
4.63443
3.67473
2.33114
-1.31575
-2.75531
-3.23516
-3.52308
-3.04322
0.12381
-1.02784
-2.27546
-0.739927
3.38681
2.13919
0.795604
1.27546
1.17949
-2.08352
-2.94725
0.21978
-0.452015
0.12381
-0.547985
1.17949
0.411722
2.42711
-0.0681319
-2.56337
-3.61905
-1.98755
-2.56337
1.17949
4.92234
10.7766
9.337
7.0337
5.78608
2.90696
4.15458
2.71502
-0.643956
-2.75531
-5.15458
-4.86667
-2.4674
-0.164103
0.603663
1.17949
-4.19487
-5.15458
-5.82637
-8.41758
-6.21026
-9.28132
-8.12967
-5.63443
-4.57875
-4.48278
-3.33114
-5.63443
-4.0989
-4.57875
-4.29084
-2.94725
-2.94725
-2.08352
-5.34652
-3.42711
-0.547985
1.37143
-1.60366
-2.75531
-2.27546
-2.17949
1.27546
0.315751
-2.65934
-2.85128
-4.48278
-4.57875
-4.86667
-1.60366
0.891575
1.56337
2.52308
4.25055
3.29084
6.55385
9.14505
8.37729
4.34652
2.61905
3.67473
1.75531
0.795604
-1.98755
-1.98755
-0.452015
-0.452015
0.603663
7.12967
5.01832
2.61905
1.85128
0.987546
3.48278
3.00293
5.78608
6.93773
5.21026
3.38681
5.4022
3.00293
1.37143
4.63443
3.7707
3.57875
-0.452015
-7.93773
-9.18535
-7.45788
-1.98755
1.17949
-2.08352
-5.53846
-7.45788
-8.12967
-9.85714
-9.08938
-12.2564
-10.1451
-9.76117
-10.7209
-9.76117
-6.59414
-2.85128
-2.37143
-0.356044
-1.60366
2.71502
2.33114
1.85128
1.85128
1.85128
2.33114
0.795604
0.987546
-1.89158
-1.60366
-0.547985
-2.85128
-3.61905
-3.04322
-4.19487
-0.164103
0.12381
3.38681
0.0278388
2.52308
0.795604
4.92234
5.88205
4.82637
2.81099
3.57875
-0.164103
-0.164103
-0.931868
2.71502
4.34652
7.89744
3.48278
-1.41172
-1.12381
0.21978
4.34652
2.71502
1.08352
-0.835897
-5.34652
-6.69011
-5.34652
-0.835897
0.12381
-0.260073
5.21026
3.00293
-0.547985
2.61905
1.37143
0.699634
-0.356044
2.52308
4.7304
5.30623
2.42711
3.67473
5.97802
4.92234
2.71502
-0.931868
0.507692
-7.3619
-2.27546
-0.164103
3.96264
0.21978
1.85128
0.21978
0.507692
5.11429
0.315751
1.08352
1.27546
5.97802
-3.90696
-2.85128
-4.00293
-4.67473
-3.42711
-3.90696
-10.1451
-9.28132
-10.241
-10.8168
-6.78608
-6.59414
-4.7707
-4.48278
-0.452015
0.987546
1.75531
4.7304
1.75531
4.53846
-0.739927
1.17949
-0.835897
3.57875
2.71502
5.78608
1.75531
0.0278388
0.315751
3.86667
2.81099
4.05861
4.44249
3.57875
6.64982
5.78608
8.28132
6.3619
4.05861
9.24103
6.74579
11.1604
4.7304
6.64982
3.19487
-0.0681319
1.94725
-0.835897
-0.835897
-4.38681
-0.452015
-0.931868
7.0337
5.88205
5.4022
6.45788
5.4022
0.795604
-0.835897
-0.643956
-1.12381
-2.27546
-0.931868
-2.75531
-2.56337
-0.452015
3.7707
3.48278
2.52308
1.37143
-0.835897
-1.98755
-5.25055
-2.85128
-1.21978
-1.02784
-3.61905
-0.931868
-0.260073
-0.164103
-2.27546
-2.4674
-8.22564
-6.69011
-7.55385
-7.74579
-4.96264
-6.30623
-8.32161
-9.28132
-7.3619
-10.241
-11.5846
-10.241
-7.84176
-7.26593
-9.08938
-5.63443
-10.433
-8.70549
-7.26593
-6.21026
-6.97802
-3.90696
-7.26593
-9.6652
-8.89744
-3.81099
-3.04322
-5.15458
-8.12967
-10.241
-7.93773
-9.95311
-9.47326
-10.1451
-6.30623
-2.17949
-3.81099
1.56337
2.04322
2.90696
2.71502
3.48278
1.08352
-5.44249
-8.89744
-7.93773
-7.16996
-5.15458
-5.44249
-4.00293
-5.34652
0.21978
0.315751
-1.60366
1.85128
1.65934
4.05861
5.97802
7.51355
4.82637
3.0989
5.49817
6.16996
8.6652
4.7304
7.70549
5.97802
6.07399
4.25055
4.15458
2.04322
3.67473
2.33114
3.96264
3.0989
4.44249
3.57875
-0.452015
2.71502
5.30623
15.0952
5.49817
1.85128
0.987546
0.603663
-1.50769
-2.65934
-1.50769
0.795604
-2.08352
-0.643956
-1.02784
-0.931868
-1.60366
-1.69963
-5.44249
-0.931868
2.71502
4.34652
6.26593
10.0088
14.1355
9.04908
5.69011
6.3619
6.3619
3.0989
-0.260073
-1.50769
-4.38681
-0.547985
-2.4674
0.315751
-2.56337
4.25055
1.65934
0.507692
-6.21026
-4.48278
-6.21026
-5.7304
-2.37143
-2.75531
-0.547985
-1.60366
-0.356044
0.507692
5.59414
1.17949
1.75531
-3.42711
-0.931868
0.12381
0.0278388
-0.452015
0.699634
4.25055
2.42711
3.7707
-1.41172
-1.69963
-4.0989
-5.05861
-6.11429
-3.52308
0.699634
2.42711
6.3619
6.3619
4.15458
1.4674
-2.17949
-3.04322
-5.34652
-7.16996
-7.74579
-6.4022
-10.0491
-8.70549
-5.7304
-1.02784
5.97802
7.80147
1.75531
4.15458
1.94725
-3.33114
-3.33114
-7.55385
-0.260073
2.90696
3.67473
7.0337
6.55385
2.71502
0.891575
-3.42711
-5.82637
-5.25055
-7.3619
-8.60952
-6.30623
-6.59414
-7.84176
-7.45788
-4.96264
-2.37143
-3.23516
3.29084
-1.98755
-6.49817
-7.26593
-5.25055
-3.52308
-8.70549
-3.90696
-6.88205
-7.45788
-5.34652
-4.96264
-3.42711
-6.21026
-4.86667
-3.42711
-3.81099
-5.34652
-5.25055
-5.63443
-6.01832
-8.0337
-9.47326
-8.32161
-6.59414
-7.64982
-4.29084
-4.19487
-3.33114
-0.547985
-2.27546
-5.63443
-4.48278
-10.241
-4.29084
-3.61905
-5.63443
-6.11429
-3.81099
-6.69011
-2.4674
-4.96264
-6.30623
-9.28132
-9.08938
-6.97802
-5.15458
-3.71502
-6.21026
-1.98755
-0.547985
0.21978
2.81099
-1.12381
1.27546
3.48278
1.17949
3.57875
6.16996
4.92234
4.05861
-5.92234
-0.452015
-2.27546
-2.4674
1.75531
3.57875
3.7707
4.53846
8.6652
5.49817
2.23516
4.34652
2.33114
7.99341
9.43297
12.1201
12.4081
7.80147
5.4022
2.71502
3.86667
1.17949
1.17949
2.81099
5.97802
3.00293
3.86667
4.63443
4.53846
4.92234
13.7516
4.53846
2.04322
4.25055
4.44249
7.12967
7.12967
5.4022
5.21026
5.01832
9.43297
7.22564
10.2007
9.52894
9.91282
7.51355
4.34652
2.33114
5.97802
3.7707
4.7304
5.49817
6.45788
6.64982
2.33114
6.74579
2.42711
0.987546
0.411722
1.4674
-2.75531
1.94725
0.603663
1.56337
4.05861
0.411722
0.0278388
4.05861
-0.739927
0.21978
2.23516
-0.260073
-2.08352
2.71502
-1.12381
1.85128
4.53846
5.69011
7.60952
12.504
5.11429
0.891575
-1.21978
0.315751
-1.21978
1.56337
8.76117
9.72088
8.37729
6.26593
5.49817
6.74579
7.70549
13.2718
12.1201
9.04908
7.60952
6.3619
6.16996
4.92234
6.93773
11.9282
9.91282
13.9436
11.8322
8.28132
8.08938
6.07399
7.51355
7.22564
3.96264
8.28132
1.56337
8.28132
4.44249
3.29084
7.51355
3.96264
-1.41172
0.795604
0.0278388
-4.00293
-0.835897
-4.57875
-4.57875
-2.75531
-2.37143
0.12381
1.94725
4.25055
2.90696
-1.31575
0.21978
3.00293
0.795604
2.13919
4.25055
3.7707
3.00293
9.24103
-1.41172
1.56337
-8.0337
-1.69963
-10.241
-2.75531
-3.71502
-1.69963
0.987546
0.987546
3.38681
-4.7707
-5.34652
2.81099
-4.00293
-4.86667
-1.89158
-3.04322
1.94725
5.59414
1.27546
6.74579
-8.51355
-1.98755
0.699634
-0.547985
3.86667
2.42711
5.21026
9.43297
-6.49817
-1.31575
5.59414
4.92234
4.25055
3.67473
0.987546
1.27546
2.81099
6.55385
6.16996
3.7707
-2.4674
-3.13919
1.85128
1.27546
-1.7956
-0.356044
-6.4022
0.699634
2.81099
2.52308
0.699634
1.4674
-5.53846
-8.51355
-5.15458
-6.4022
-1.60366
3.38681
-0.547985
2.04322
-3.13919
-4.00293
1.4674
-4.48278
-5.44249
-11.2967
-8.51355
-9.28132
-5.63443
0.699634
-4.96264
-6.30623
-5.34652
-9.37729
-4.19487
-4.19487
3.0989
2.42711
5.97802
3.38681
2.13919
-3.81099
-4.29084
-0.739927
-4.29084
-5.63443
-3.33114
-1.02784
-4.0989
-4.0989
-4.86667
-8.70549
1.56337
5.88205
-0.452015
0.891575
2.13919
4.05861
10.0088
12.1201
12.504
9.52894
7.22564
6.3619
4.34652
9.91282
11.6403
8.6652
5.97802
6.64982
2.90696
-2.85128
-9.76117
-7.55385
-11.3927
-9.28132
-5.7304
-0.835897
0.12381
-1.89158
2.42711
4.44249
4.15458
5.21026
3.0989
1.65934
2.33114
6.26593
4.05861
5.88205
6.26593
3.19487
3.19487
0.987546
0.891575
2.90696
1.56337
-1.12381
-0.931868
1.27546
-1.89158
-1.31575
2.90696
-1.60366
-3.52308
-2.75531
-4.7707
-1.12381
-0.547985
-0.0681319
-1.21978
-2.75531
-4.19487
-3.42711
-5.92234
-2.27546
0.987546
2.13919
-1.21978
0.21978
0.699634
-1.02784
-7.26593
-8.80147
-15.2315
-9.47326
-5.53846
-5.82637
-2.17949
-5.15458
-6.30623
-8.41758
-12.4484
-7.74579
-3.13919
-4.86667
-9.08938
-10.8168
-9.08938
-4.96264
-6.69011
-7.16996
-6.59414
-4.38681
-0.835897
4.34652
0.21978
-2.94725
-2.37143
-5.82637
-3.81099
-3.04322
-2.08352
-1.98755
-1.41172
-1.41172
-1.21978
-0.835897
0.21978
0.603663
1.94725
3.0989
1.37143
4.25055
8.37729
5.30623
2.33114
2.71502
6.64982
3.7707
3.29084
4.92234
3.7707
2.23516
2.90696
2.13919
-3.61905
-3.13919
-2.75531
-1.41172
-0.931868
-3.71502
-4.38681
-5.44249
-3.90696
-6.21026
-5.82637
-6.21026
-5.44249
-4.67473
-3.61905
-3.33114
-5.25055
-4.96264
-4.0989
-5.92234
-7.45788
-6.88205
-7.26593
-2.27546
-2.4674
-6.11429
-6.30623
-2.27546
-1.41172
1.56337
0.315751
3.67473
0.411722
-0.260073
-3.42711
-4.57875
-3.81099
-2.75531
-6.49817
-7.84176
-7.74579
-7.26593
-7.16996
-8.22564
-7.84176
-6.4022
-9.95311
-10.0491
-14.7516
-15.9033
-13.7919
-9.76117
-11.5846
-12.5443
-14.7516
-11.3927
-15.3275
-14.5597
-12.0645
-11.0088
-10.337
-12.2564
-7.84176
-8.89744
-9.85714
-9.28132
-10.241
-8.70549
-6.49817
-7.07399
-7.45788
-7.07399
-6.11429
-2.94725
-0.739927
1.85128
0.0278388
-2.65934
-2.37143
-2.85128
-1.98755
-4.19487
-6.21026
-6.97802
-7.07399
-4.29084
-7.64982
-5.7304
-5.82637
-6.78608
-7.55385
-8.51355
-6.59414
-8.0337
-7.74579
-8.41758
-8.12967
-7.74579
-10.1451
-10.8168
-9.28132
-6.01832
-3.13919
-3.61905
-3.52308
-4.96264
-2.27546
-0.260073
1.56337
-0.452015
-1.7956
-1.89158
-4.7707
-2.27546
-2.75531
-5.34652
-7.16996
-5.44249
-7.45788
-6.4022
-9.95311
-11.2967
-18.3026
-16.3832
-13.3121
-11.3927
-10.7209
-14.9436
-8.70549
-9.95311
-9.47326
-8.70549
-7.93773
-4.48278
-1.50769
-2.08352
-1.60366
-2.37143
-5.34652
-4.38681
-5.25055
-4.67473
-4.00293
-3.71502
-5.34652
-7.93773
-9.08938
-9.47326
-6.59414
-4.67473
-4.00293
-3.04322
-2.37143
-4.67473
-2.37143
-5.15458
-3.52308
-2.85128
-4.00293
-3.52308
-2.85128
-4.67473
-5.53846
-6.01832
-5.25055
-6.88205
-5.92234
-7.84176
-6.88205
-7.16996
-5.44249
-8.32161
-10.433
-4.38681
-6.78608
-8.41758
-11.1048
-11.6806
-11.5846
-9.47326
-10.7209
-9.37729
-8.89744
-8.70549
-11.6806
-11.2007
-8.80147
-3.81099
-3.04322
-3.52308
-3.23516
-5.25055
-5.15458
-4.00293
-4.57875
-1.7956
-2.85128
0.21978
-1.69963
-3.52308
-3.71502
-6.4022
-2.08352
0.603663
1.08352
0.795604
