10.2007
8.76117
6.07399
7.32161
5.78608
6.07399
1.17949
1.75531
2.81099
5.30623
5.78608
5.30623
3.67473
7.51355
6.93773
6.64982
4.44249
0.795604
-1.12381
-0.164103
-1.31575
-0.164103
2.52308
1.4674
2.81099
2.42711
4.92234
6.84176
5.49817
2.52308
2.42711
-3.42711
-7.07399
-5.05861
-1.21978
4.53846
-4.96264
1.94725
-3.13919
-2.65934
-5.15458
-4.96264
-3.42711
-4.96264
-1.31575
-1.31575
-0.547985
-1.31575
-0.260073
-3.04322
-5.34652
-2.4674
-3.61905
-3.33114
-8.51355
-10.7209
-8.32161
-2.65934
-4.96264
-2.85128
-4.29084
-3.23516
-4.7707
-2.17949
1.75531
-0.547985
3.29084
6.64982
8.37729
7.51355
9.14505
5.49817
5.01832
2.33114
0.987546
1.27546
5.49817
2.04322
2.61905
3.57875
3.86667
0.507692
3.57875
3.96264
4.82637
4.82637
4.7304
-1.50769
-2.27546
-3.90696
-0.164103
0.21978
-1.69963
-1.12381
-4.38681
-0.835897
-2.17949
-4.7707
-9.28132
-12.1604
-9.08938
-1.21978
3.7707
6.26593
5.30623
6.74579
1.4674
-0.356044
-6.59414
-5.05861
-5.25055
-4.29084
-0.547985
2.13919
5.78608
5.01832
1.75531
7.12967
-1.98755
3.86667
5.01832
5.78608
8.47326
7.51355
9.72088
9.62491
11.2564
10.8725
10.6806
6.07399
5.69011
3.19487
2.13919
-1.69963
0.507692
-3.33114
-0.356044
-1.50769
-3.81099
-6.59414
-7.64982
-8.80147
-8.70549
-4.0989
-0.260073
1.27546
-3.71502
-1.98755
-3.61905
-4.38681
-3.61905
-0.739927
1.27546
-3.71502
-4.00293
-1.89158
-3.04322
9.91282
0.987546
5.4022
0.603663
2.90696
1.4674
-0.452015
1.37143
-0.547985
2.33114
4.7304
3.00293
2.81099
1.75531
2.71502
0.891575
3.00293
9.14505
7.51355
9.24103
6.64982
9.04908
6.3619
5.69011
2.90696
4.53846
8.18535
8.6652
7.51355
5.11429
2.42711
3.7707
6.55385
9.91282
8.28132
4.92234
6.84176
10.5846
7.70549
6.45788
2.90696
2.61905
1.37143
1.17949
-1.89158
-2.56337
-3.13919
-0.835897
6.93773
-1.41172
3.7707
-0.452015
9.72088
-8.51355
2.04322
-1.60366
-2.08352
1.56337
-3.33114
-2.56337
5.21026
5.78608
8.28132
11.7363
9.81685
9.43297
5.49817
2.13919
1.56337
-1.89158
-9.56923
-11.2967
-13.2161
-2.08352
-5.53846
-3.61905
-7.26593
-0.643956
-2.4674
0.315751
-0.452015
-5.15458
-6.78608
-10.433
-11.2967
-14.1758
-15.0396
-11.1048
-7.93773
-3.42711
-4.0989
-1.02784
-7.16996
-8.41758
-10.1451
-11.2007
-8.89744
-7.26593
-8.22564
-4.29084
-5.15458
-1.98755
-0.835897
-1.41172
-0.0681319
-1.50769
-2.37143
-2.56337
1.27546
0.507692
1.85128
4.34652
4.25055
4.05861
0.0278388
7.0337
8.76117
4.34652
5.59414
-0.643956
-0.739927
0.315751
-2.94725
17.2066
5.59414
3.96264
10.7766
10.2967
0.21978
10.5846
4.7304
5.30623
3.19487
4.63443
6.74579
4.53846
9.04908
6.93773
9.24103
11.7363
9.24103
6.64982
1.08352
-0.931868
-2.4674
-2.4674
-3.33114
-1.89158
-0.643956
0.315751
2.61905
1.85128
-0.739927
-1.21978
-1.89158
-1.7956
-2.4674
-6.30623
-5.05861
-6.69011
-1.98755
-1.50769
6.26593
0.987546
-0.452015
-5.7304
-4.19487
-0.835897
-1.7956
-6.69011
-4.00293
-1.12381
0.603663
5.01832
4.44249
0.21978
2.42711
0.411722
0.315751
0.0278388
-0.452015
3.48278
3.29084
4.44249
2.61905
4.05861
5.49817
4.25055
-0.164103
2.23516
3.86667
0.0278388
1.27546
2.61905
4.44249
3.96264
-1.69963
0.987546
2.71502
1.75531
4.53846
5.88205
7.89744
5.97802
9.14505
7.80147
10.2007
6.55385
4.15458
2.33114
-2.27546
-4.0989
-5.25055
-3.61905
-4.00293
-1.98755
6.74579
1.85128
0.507692
-1.02784
2.13919
1.27546
1.85128
-0.931868
3.0989
3.86667
5.01832
-2.4674
0.603663
-6.30623
4.53846
-2.75531
-5.7304
2.13919
-6.4022
-3.33114
-5.25055
-6.11429
-5.25055
-8.32161
-5.44249
-3.23516
-2.75531
-5.15458
-2.75531
-5.15458
-2.37143
-1.89158
-1.21978
-0.260073
2.13919
-5.25055
-1.31575
0.21978
0.21978
1.4674
0.21978
-3.04322
-3.04322
-2.75531
-8.60952
-4.7707
-9.37729
-10.8168
-10.0491
-13.0242
-7.55385
-5.44249
-3.42711
-7.16996
-5.34652
-4.38681
-2.85128
-1.41172
1.75531
2.90696
2.52308
5.59414
0.507692
4.34652
0.21978
-0.643956
-1.31575
-3.23516
-4.29084
-5.15458
0.21978
-2.37143
-1.7956
-0.452015
-0.547985
4.25055
3.57875
0.987546
0.795604
0.21978
-1.21978
-0.547985
-4.19487
-4.29084
-3.52308
-2.37143
0.603663
-13.6
-6.59414
-9.08938
-9.6652
-8.99341
-11.7766
-6.11429
-10.0491
-9.18535
-10.8168
-7.45788
-7.55385
-7.07399
-7.64982
-8.41758
-11.4886
-8.99341
-5.15458
-6.59414
-7.64982
-8.32161
-4.86667
-0.0681319
1.56337
0.891575
-5.25055
-8.41758
-7.74579
-8.60952
-4.48278
-2.56337
-1.69963
-7.84176
-8.99341
-5.82637
-10.433
-8.51355
-15.3275
-11.6806
-7.74579
-7.3619
-6.97802
-5.82637
-4.57875
-3.23516
-3.42711
-3.13919
-2.37143
-4.00293
-4.96264
-9.37729
-6.59414
-8.41758
-8.60952
-7.3619
-9.76117
-3.71502
-1.21978
-2.75531
-5.53846
-4.48278
-7.3619
-6.11429
-4.96264
-7.55385
-8.89744
-9.18535
-6.88205
-3.52308
-1.69963
-0.643956
-0.835897
0.315751
3.00293
0.699634
-0.0681319
-3.04322
-3.81099
-2.17949
-2.27546
-2.85128
-3.13919
-0.835897
-2.75531
-7.55385
-3.33114
-3.23516
-0.931868
-3.23516
-3.04322
-1.21978
-0.164103
-3.23516
2.71502
4.53846
2.13919
-0.164103
-1.7956
-3.71502
-3.71502
-3.52308
1.27546
0.315751
1.56337
0.507692
1.27546
4.82637
2.42711
-1.50769
-3.13919
1.65934
2.52308
7.22564
5.78608
4.44249
5.78608
7.12967
7.41758
6.93773
8.6652
9.337
6.74579
3.0989
-0.260073
7.51355
4.15458
2.13919
2.23516
7.80147
11.6403
11.7363
10.9685
11.0645
16.7267
7.70549
8.37729
6.64982
3.7707
3.19487
1.75531
1.27546
1.08352
4.63443
-0.739927
2.33114
0.987546
3.00293
7.41758
3.57875
7.89744
7.41758
4.92234
0.411722
3.29084
2.81099
3.48278
3.57875
0.987546
4.25055
4.15458
9.14505
7.22564
1.27546
5.59414
3.48278
8.18535
7.12967
5.30623
3.19487
3.96264
6.07399
7.41758
3.57875
3.67473
0.699634
-0.452015
-0.931868
4.15458
11.4484
17.8784
28.4352
18.0703
17.1106
13.5597
6.84176
6.55385
3.67473
6.3619
2.81099
5.11429
2.42711
4.53846
6.74579
7.70549
6.3619
6.64982
8.95311
7.41758
4.53846
0.21978
0.507692
1.27546
-0.452015
2.33114
0.699634
2.52308
7.32161
5.11429
7.60952
6.26593
-0.356044
5.78608
-2.27546
-0.452015
-0.835897
-2.94725
-1.21978
-2.37143
-2.17949
-4.29084
-2.94725
0.699634
2.33114
3.7707
1.65934
1.56337
2.52308
-1.89158
-2.08352
-6.78608
-5.92234
-11.2007
-7.93773
-8.22564
-6.78608
-10.8168
-7.93773
-7.26593
-7.64982
-7.55385
-5.82637
-6.01832
-5.05861
-8.80147
-8.0337
-13.504
-11.3927
-13.6
-13.8879
-13.9839
-12.7363
-13.0242
-12.4484
-11.2007
-11.1048
-12.6403
-15.7114
-7.64982
-8.51355
-5.63443
-2.85128
-6.21026
-4.96264
-4.38681
-5.34652
-4.0989
-8.12967
-6.88205
-11.3927
-11.2967
-11.1048
-14.9436
-15.7114
-15.4234
-11.8725
-11.3927
-4.48278
-6.49817
-6.78608
-6.59414
-9.95311
-10.1451
-9.47326
-4.67473
-11.3927
-10.7209
-4.7707
-8.60952
-6.21026
-8.80147
-10.241
-11.7766
-13.9839
-12.4484
-9.6652
-10.9128
-12.3524
-13.3121
-9.18535
-8.70549
-6.78608
-7.45788
-9.37729
-4.96264
-6.59414
-1.60366
-6.69011
-8.51355
-7.74579
-8.22564
-6.11429
-6.97802
-4.00293
-2.17949
-2.56337
-7.64982
-6.01832
-7.45788
-8.80147
-10.241
-8.0337
-10.5289
-11.1048
-6.30623
-10.1451
-4.48278
-8.51355
-16.5751
-12.3524
-14.0799
-13.8879
-19.0703
-7.26593
-9.28132
-18.6864
-12.3524
-10.0491
-9.37729
-13.4081
-2.85128
-0.452015
-0.643956
-0.356044
11.1604
6.55385
-6.30623
-7.26593
-9.85714
-5.05861
-0.452015
-2.94725
-0.835897
-4.96264
-5.05861
-2.08352
-0.356044
6.84176
-2.94725
2.33114
-1.60366
0.507692
5.78608
-3.23516
-0.356044
-3.23516
0.795604
4.25055
4.44249
-5.7304
-4.48278
1.27546
5.30623
2.04322
4.15458
0.411722
-2.65934
0.795604
0.507692
-2.27546
-3.61905
-3.81099
-7.45788
-2.17949
0.315751
-1.31575
0.507692
-0.739927
0.12381
3.96264
5.78608
5.97802
4.7304
5.4022
7.12967
12.8879
8.85714
11.1604
5.30623
5.78608
6.93773
2.52308
8.47326
7.12967
8.28132
13.9436
14.5194
10.6806
7.89744
5.97802
11.2564
4.53846
8.76117
15.5751
11.0645
13.0799
9.91282
5.88205
6.93773
5.4022
13.2718
11.1604
6.64982
5.4022
7.89744
10.1048
9.72088
10.3927
10.0088
8.37729
11.3524
12.6
11.3524
7.32161
6.64982
1.37143
5.78608
4.15458
7.51355
-1.21978
-1.98755
1.37143
-1.50769
0.315751
2.81099
0.21978
1.4674
1.94725
5.30623
3.7707
7.12967
4.7304
15.1912
13.9436
16.8227
18.8381
17.1106
20.1817
17.3985
19.126
18.5502
18.1663
15.3832
14.3275
19.7018
8.56923
2.71502
12.1201
11.9282
9.81685
11.2564
5.30623
6.45788
4.34652
7.32161
16.5348
-11.2007
1.56337
0.699634
3.0989
5.59414
6.26593
5.78608
6.93773
8.47326
8.56923
7.89744
5.11429
5.4022
7.70549
4.63443
7.12967
6.74579
3.29084
1.85128
3.19487
4.63443
8.76117
4.53846
0.21978
-0.164103
-2.27546
5.88205
3.00293
4.92234
1.17949
1.08352
-4.48278
1.27546
1.65934
6.74579
8.08938
9.14505
5.59414
5.01832
6.07399
7.41758
6.84176
7.41758
7.41758
2.04322
5.01832
5.11429
9.52894
9.14505
7.41758
7.41758
7.51355
3.96264
5.59414
3.19487
2.90696
3.00293
0.795604
-4.96264
-1.69963
1.08352
0.21978
2.71502
2.13919
3.67473
2.90696
-4.96264
-8.51355
-5.7304
-4.57875
-3.52308
-4.67473
-7.26593
-4.7707
-10.0491
-8.41758
-9.47326
-8.0337
-10.337
-9.18535
-12.6403
-8.51355
-12.1604
-11.3927
-11.1048
-8.51355
-4.0989
-4.48278
-4.67473
-6.01832
-2.27546
-3.81099
-3.61905
-1.98755
-2.37143
-3.52308
-1.60366
0.12381
-0.356044
-3.33114
-1.98755
-2.08352
-3.90696
-2.85128
-3.81099
-5.7304
-7.16996
-5.53846
-5.44249
-1.21978
-2.56337
-4.57875
-4.48278
-2.94725
-3.61905
-4.96264
-5.92234
-7.26593
-8.99341
-8.12967
-7.55385
-13.1201
-6.21026
-9.95311
-8.0337
-7.16996
-13.7919
-9.76117
-10.9128
-7.93773
-12.5443
-10.337
-12.7363
-12.9282
-9.28132
-13.1201
-11.6806
-13.696
-15.2315
-11.6806
-8.32161
-7.3619
-7.74579
-4.0989
-6.4022
-5.05861
-3.71502
-5.82637
-5.34652
-7.3619
-8.32161
-13.6
-1.41172
-3.42711
-14.1758
-9.18535
-7.64982
-8.22564
-8.89744
-11.6806
-16.0952
-16.5751
-14.1758
-15.2315
-11.5846
-12.7363
-9.47326
-9.28132
-10.1451
-8.70549
-8.32161
-3.90696
-4.29084
-5.05861
-7.26593
-8.80147
-9.28132
-9.95311
-9.28132
-11.1048
-12.4484
-8.80147
-4.67473
-2.37143
-7.26593
-4.96264
-3.33114
-6.78608
-5.15458
-6.4022
-3.33114
-1.7956
-1.98755
-1.21978
0.411722
0.21978
-0.260073
0.315751
3.29084
0.0278388
-2.17949
0.315751
0.12381
5.88205
6.64982
4.7304
2.42711
2.52308
8.28132
5.88205
5.4022
-1.21978
-5.92234
-3.04322
-2.17949
-1.41172
1.85128
2.61905
5.69011
4.25055
8.18535
-3.81099
1.85128
2.23516
3.0989
-1.50769
-4.7707
-1.7956
-6.4022
-6.21026
-3.13919
-5.44249
-9.6652
-7.45788
-7.26593
-12.3524
-2.17949
-5.44249
-3.52308
-8.32161
-4.00293
-0.643956
0.699634
5.69011
3.29084
5.88205
9.81685
10.2007
-0.547985
3.19487
5.21026
5.49817
4.44249
6.74579
3.19487
6.74579
11.3524
6.93773
4.82637
5.88205
9.04908
6.55385
4.92234
5.78608
8.76117
-0.931868
-0.643956
3.0989
5.4022
3.7707
2.71502
2.52308
-1.12381
-2.56337
-3.71502
-2.37143
-2.85128
-1.60366
0.21978
6.16996
4.44249
-0.931868
-1.60366
1.08352
-1.60366
-4.7707
-5.7304
-7.74579
-5.7304
-4.96264
2.52308
-1.31575
3.86667
0.795604
3.86667
3.57875
0.12381
1.27546
3.19487
4.15458
3.86667
2.81099
0.795604
-1.98755
-3.52308
0.411722
4.34652
-4.86667
-1.31575
-6.59414
-3.42711
-10.0491
-6.69011
-12.7363
-14.3678
-6.97802
2.90696
-0.260073
-6.69011
-4.00293
-1.41172
-0.452015
-7.07399
-3.13919
-3.61905
-5.53846
-5.63443
-3.04322
-2.56337
0.603663
-4.96264
-5.92234
-1.60366
0.891575
-0.260073
0.603663
-0.0681319
5.97802
5.78608
7.99341
9.91282
14.3275
10.3927
15.2872
11.9282
14.3275
14.5194
12.696
14.6154
14.2315
13.0799
14.1355
12.2161
11.9282
6.84176
7.89744
5.97802
9.337
8.6652
4.05861
5.11429
4.05861
4.82637
3.00293
5.21026
5.21026
3.38681
4.63443
4.82637
5.69011
6.74579
6.16996
6.64982
7.41758
6.64982
7.99341
7.99341
6.93773
5.21026
4.34652
3.57875
1.4674
2.13919
2.52308
1.27546
-0.356044
0.21978
-3.33114
-0.931868
-2.75531
-2.56337
-6.11429
-4.86667
-5.63443
-6.21026
-6.11429
-4.67473
-5.34652
-3.04322
-5.34652
1.85128
-9.85714
-14.6557
-6.88205
-10.8168
-8.80147
-8.12967
-12.3524
-13.3121
-16.2872
-10.9128
-10.8168
-9.08938
-8.99341
-8.89744
-7.93773
-10.6249
-6.97802
-4.86667
-3.71502
-4.7707
-6.4022
-6.4022
-7.74579
-4.00293
-3.71502
0.21978
-0.164103
-2.17949
-3.61905
-4.7707
-2.37143
-2.94725
-2.08352
-8.99341
9.04908
1.85128
3.29084
-3.81099
-14.5597
-10.1451
-8.12967
-3.61905
0.0278388
0.0278388
2.13919
1.37143
1.17949
-1.98755
-1.21978
-0.931868
-0.931868
-3.71502
0.987546
1.4674
0.21978
0.0278388
2.61905
1.75531
3.19487
-1.50769
-2.27546
-3.71502
-4.96264
-3.04322
-4.96264
-2.75531
2.42711
5.4022
3.19487
0.987546
-0.164103
-3.23516
-2.85128
-1.7956
-1.98755
-5.63443
-6.59414
-6.97802
-4.00293
-7.3619
-8.32161
-7.84176
-3.81099
-1.21978
-0.452015
-0.643956
2.23516
7.22564
3.57875
3.48278
1.17949
-2.75531
-4.00293
-3.90696
-2.65934
-5.53846
-7.3619
-8.51355
-6.97802
-4.67473
-6.88205
-5.53846
-8.32161
-8.80147
-7.84176
-7.3619
-7.55385
-7.07399
-7.55385
-8.89744
-8.51355
-13.504
-2.08352
-6.21026
-5.92234
-4.86667
-5.34652
-3.90696
-6.78608
-0.356044
-12.5443
-14.7516
-15.6154
-14.9436
-14.3678
-11.1048
-10.8168
-12.9282
-9.47326
-6.30623
-1.60366
0.603663
-0.643956
-1.31575
0.891575
-0.643956
-2.37143
0.315751
-2.85128
-0.931868
1.94725
0.795604
3.29084
-0.260073
1.37143
2.04322
-0.835897
-1.60366
1.27546
-0.643956
1.4674
0.891575
-0.452015
0.603663
-0.739927
-0.260073
2.71502
3.7707
-0.164103
-2.75531
-3.90696
-4.00293
-5.63443
-5.44249
-3.71502
-2.85128
-2.94725
-3.52308
-0.0681319
0.315751
1.56337
1.08352
0.315751
-2.85128
-2.4674
-7.26593
5.59414
-5.05861
-5.92234
-4.38681
-5.44249
-2.94725
0.21978
-4.96264
-7.3619
-1.69963
1.65934
2.33114
0.699634
-5.15458
-4.96264
0.603663
4.92234
6.55385
6.84176
6.26593
6.3619
4.15458
8.28132
5.4022
4.34652
4.05861
4.7304
3.96264
4.05861
-1.69963
3.86667
2.13919
3.67473
5.4022
6.64982
8.6652
4.63443
10.5846
1.4674
4.7304
0.795604
2.42711
-1.69963
-1.50769
1.85128
0.507692
0.891575
0.507692
-1.89158
4.15458
2.71502
5.49817
7.32161
10.8725
4.15458
8.47326
7.99341
1.65934
5.21026
4.05861
8.76117
3.57875
7.70549
3.29084
5.49817
8.08938
10.3927
12.9839
14.2315
12.2161
12.8879
9.43297
10.4886
5.69011
5.69011
8.76117
10.5846
9.52894
8.47326
5.97802
8.56923
13.0799
8.08938
6.3619
3.67473
1.75531
7.60952
10.1048
11.7363
10.2967
9.52894
7.12967
6.74579
5.30623
6.07399
12.2161
4.7304
3.67473
8.85714
21.8132
10.9685
13.8476
6.3619
5.4022
3.48278
-0.260073
-1.21978
-0.260073
3.38681
7.32161
6.74579
4.53846
4.82637
8.47326
9.72088
7.80147
4.05861
-1.41172
-3.33114
-1.31575
2.04322
-3.13919
-0.356044
-1.7956
-2.08352
1.37143
1.27546
1.4674
2.52308
2.33114
0.795604
0.795604
0.507692
1.37143
3.38681
1.08352
3.0989
4.25055
7.0337
5.01832
0.315751
-0.835897
-1.21978
0.795604
0.411722
-1.41172
-0.739927
-2.37143
-0.356044
-3.42711
-2.27546
-5.82637
-5.05861
-4.00293
-6.69011
-3.90696
-5.34652
-5.53846
-3.23516
-1.89158
-0.260073
-1.21978
-2.08352
0.987546
-0.0681319
-1.21978
1.94725
-0.643956
2.13919
1.94725
2.71502
-2.37143
-2.94725
-11.4886
-8.22564
-11.5846
-3.52308
-4.57875
-13.1201
-7.16996
-5.92234
-7.55385
-7.93773
-3.23516
-4.67473
-5.53846
-9.08938
-6.11429
-6.11429
-9.28132
-7.3619
-7.64982
-11.0088
-8.70549
-5.92234
-3.90696
-2.17949
-3.23516
-2.94725
-4.00293
-2.65934
-3.04322
-4.67473
-4.7707
-3.13919
-9.18535
-9.6652
-11.7766
-7.3619
-6.69011
-4.38681
-8.0337
-4.29084
-3.90696
-5.44249
-3.33114
-3.04322
-6.4022
-6.88205
-7.74579
-14.3678
-7.07399
-9.85714
-13.9839
-14.9436
-11.8725
-8.41758
-6.11429
-9.18535
-10.1451
-10.1451
-6.59414
-6.21026
-7.55385
-7.74579
-3.23516
12.9839
-12.8322
-12.7363
-10.0491
-8.80147
-8.0337
-11.3927
-9.18535
-8.22564
-4.29084
-15.2315
-9.37729
-9.56923
-10.0491
-9.56923
-7.84176
-6.49817
-6.78608
-7.55385
-11.2007
-4.96264
0.21978
-1.12381
-3.04322
3.96264
-0.0681319
0.603663
-0.164103
5.01832
1.85128
4.44249
7.41758
7.80147
6.84176
8.76117
12.2161
8.08938
6.07399
5.01832
4.05861
4.63443
6.26593
9.81685
8.95311
5.69011
10.7766
10.7766
8.37729
11.9282
6.93773
3.19487
4.05861
6.55385
4.82637
5.69011
-9.18535
3.96264
-1.98755
0.891575
2.42711
-3.61905
-4.96264
0.0278388
-0.835897
1.08352
6.07399
10.4886
8.08938
2.04322
-0.0681319
1.27546
5.11429
5.49817
4.05861
6.16996
6.3619
8.85714
8.56923
7.12967
2.42711
7.32161
6.45788
1.75531
3.7707
-0.643956
2.52308
0.12381
3.00293
0.0278388
3.38681
2.33114
6.26593
-0.739927
-3.90696
1.85128
3.00293
3.96264
0.603663
-4.0989
3.67473
2.71502
2.81099
1.37143
4.44249
1.27546
5.97802
6.55385
7.99341
10.8725
0.987546
7.99341
3.7707
6.16996
2.33114
1.4674
-5.63443
1.08352
-4.19487
1.27546
-7.45788
-1.21978
2.42711
2.81099
3.19487
2.52308
-0.547985
0.603663
4.15458
5.11429
3.38681
-1.21978
-3.42711
3.38681
8.37729
7.60952
3.7707
4.34652
6.84176
8.47326
11.7363
1.37143
-2.56337
-3.13919
-5.25055
-3.52308
-3.13919
0.699634
-1.69963
-1.12381
1.17949
4.7304
2.90696
0.699634
3.19487
1.94725
5.30623
2.13919
-2.56337
-2.75531
2.52308
6.3619
3.48278
4.25055
1.08352
8.95311
8.37729
-1.50769
-3.52308
-2.75531
-2.94725
-4.38681
-2.85128
-4.0989
-2.4674
-0.931868
-0.0681319
-0.643956
-0.643956
-0.643956
9.04908
3.7707
-3.90696
1.56337
4.92234
0.507692
-0.0681319
2.52308
2.71502
5.4022
0.12381
2.90696
1.85128
3.29084
2.13919
3.57875
3.67473
4.15458
2.52308
-3.23516
-3.33114
-2.4674
0.0278388
2.13919
0.0278388
7.22564
-1.98755
0.507692
-0.643956
-1.31575
-2.4674
-1.02784
-2.08352
-0.356044
2.13919
-4.0989
1.4674
-1.89158
-3.33114
-0.260073
-7.74579
-4.29084
-0.643956
0.411722
4.63443
0.411722
2.42711
1.37143
1.75531
0.795604
4.82637
4.05861
2.61905
3.7707
7.12967
2.04322
3.57875
2.90696
3.29084
-3.90696
-0.835897
-1.7956
-3.90696
-5.92234
-0.643956
-0.643956
0.411722
-0.643956
-1.02784
1.27546
2.33114
-3.52308
-6.59414
-9.76117
-13.2161
-8.22564
-7.3619
-7.93773
-9.47326
-8.22564
-7.07399
-6.11429
-1.50769
-0.739927
-4.19487
-4.38681
-9.56923
-11.7766
-12.6403
-9.18535
-8.0337
-7.26593
-5.25055
-5.44249
-4.57875
-3.04322
-1.60366
-2.08352
-3.04322
-6.59414
-15.5194
-13.9839
-10.0491
-15.0396
-14.2718
-13.6
-12.5443
-13.2161
-16.5751
-13.9839
-15.3275
-11.0088
-12.0645
-13.1201
-15.9993
-16.3832
-15.8073
-13.1201
-9.08938
-5.82637
-4.38681
-5.05861
-4.0989
-6.59414
-7.26593
-10.5289
-14.1758
-14.6557
-14.7516
-13.8879
-13.0242
-8.89744
-9.76117
-9.08938
-10.9128
-10.0491
-8.32161
-4.67473
-7.55385
-3.81099
-5.82637
-5.92234
-6.4022
-6.01832
-3.71502
-3.52308
-4.38681
-7.3619
-8.12967
-8.41758
-4.86667
-5.82637
-12.5443
-12.0645
-9.37729
-9.6652
-9.76117
-8.60952
-8.60952
-8.32161
-12.8322
-7.84176
-8.12967
-13.0242
-9.56923
-7.74579
-7.26593
-4.0989
-7.93773
-6.30623
-9.56923
-9.37729
-10.6249
-6.21026
-3.90696
-5.53846
-2.27546
-3.61905
-4.57875
-0.164103
1.56337
0.0278388
1.85128
-8.99341
-1.69963
0.21978
1.27546
1.65934
0.21978
1.85128
4.92234
8.28132
7.51355
6.74579
12.6
16.7267
15.1912
15.5751
17.2066
20.0857
19.7978
16.3429
15.767
13.5597
12.1201
12.7919
12.696
14.0396
14.5194
14.9993
14.1355
16.7267
17.0147
13.4637
12.696
15.0952
16.8227
9.81685
16.7267
14.3275
9.24103
12.4081
6.07399
7.99341
10.2007
10.6806
9.62491
5.49817
10.8725
9.14505
9.337
18.2623
15.2872
10.1048
11.8322
11.2564
13.4637
10.1048
7.99341
9.337
5.69011
17.2066
13.5597
11.9282
5.97802
5.21026
6.55385
10.0088
11.2564
9.52894
10.2967
8.95311
12.504
9.91282
10.2007
11.3524
14.9033
6.55385
6.26593
7.22564
8.28132
9.24103
6.3619
10.2967
6.74579
7.22564
9.43297
6.07399
1.37143
2.42711
3.19487
3.57875
7.51355
3.57875
-0.931868
0.21978
3.96264
5.11429
4.15458
3.0989
9.04908
5.4022
6.55385
8.6652
9.43297
6.26593
4.15458
5.21026
8.76117
0.603663
5.4022
2.13919
2.04322
3.00293
2.04322
0.699634
1.17949
-0.835897
1.17949
1.75531
-1.41172
-0.452015
0.0278388
0.315751
-2.56337
1.85128
0.0278388
-6.21026
-7.74579
-8.22564
-4.29084
-5.34652
-2.08352
-4.00293
3.29084
-1.50769
2.71502
-3.23516
-1.12381
2.71502
0.795604
1.27546
2.23516
3.0989
-0.547985
-0.739927
-4.0989
-2.65934
-1.60366
-2.27546
-1.50769
-4.38681
-2.4674
-6.59414
-6.97802
-4.19487
-6.88205
-5.44249
-4.67473
-3.13919
0.0278388
1.27546
-3.90696
-5.63443
-4.38681
-6.11429
-4.00293
-2.75531
-1.21978
-2.37143
-0.260073
-1.12381
-5.63443
-8.99341
-8.41758
-5.92234
-5.34652
-6.01832
-11.6806
-8.80147
-14.5597
-17.6308
-13.8879
-18.6864
-13.3121
-12.9282
-16.6711
-14.7516
-14.7516
-13.7919
-13.1201
-13.504
-12.9282
-12.2564
-13.2161
-11.4886
-16.0952
-20.7978
-16.2872
-21.6615
-10.241
-10.0491
-9.56923
-12.2564
-18.2066
-18.8784
-14.5597
-15.6154
-10.241
-13.7919
-11.9685
-7.74579
-10.241
-9.85714
-11.7766
-10.1451
-13.9839
-11.3927
-8.22564
-10.433
-11.7766
-11.9685
-5.53846
-6.78608
-6.69011
-10.337
-6.97802
-4.38681
-3.81099
-5.25055
-10.1451
-11.2007
-10.8168
-15.2315
-18.8784
-14.1758
-8.22564
-8.60952
-5.92234
1.56337
-1.41172
1.08352
-2.65934
-2.37143
-4.7707
-4.0989
-7.16996
-4.67473
-5.15458
-3.71502
-6.30623
-0.739927
1.56337
6.55385
1.4674
-3.90696
-7.16996
-3.23516
-5.25055
-6.21026
-8.0337
-6.4022
-6.88205
-11.8725
-10.241
-9.76117
-9.56923
-12.1604
-11.8725
-12.6403
-11.7766
-8.60952
-5.82637
-4.0989
-2.37143
2.71502
3.67473
0.12381
1.94725
3.48278
4.05861
5.59414
5.21026
7.99341
8.28132
6.45788
4.34652
3.86667
1.94725
5.59414
-0.260073
2.13919
1.37143
-0.452015
-1.50769
0.891575
0.12381
-0.452015
5.4022
6.07399
3.48278
4.34652
6.16996
5.11429
4.25055
5.97802
9.43297
7.32161
8.18535
9.52894
4.82637
6.55385
2.90696
3.96264
6.3619
7.12967
9.24103
8.37729
7.22564
6.3619
6.3619
5.49817
5.11429
9.337
7.0337
5.88205
5.11429
4.25055
7.0337
6.64982
5.11429
1.08352
1.56337
2.13919
0.891575
2.90696
3.29084
2.42711
3.7707
4.7304
1.56337
6.26593
5.30623
3.67473
3.86667
3.19487
4.15458
3.00293
4.05861
7.60952
5.30623
6.26593
-1.12381
3.38681
1.94725
-0.260073
-2.4674
1.37143
4.05861
3.19487
6.16996
4.7304
8.95311
12.8879
4.92234
0.891575
0.315751
1.17949
-1.41172
-1.69963
-1.12381
-2.08352
-1.41172
-5.05861
0.12381
0.603663
3.00293
5.21026
4.44249
3.96264
3.19487
1.75531
-0.0681319
0.411722
1.65934
-0.835897
-0.356044
0.699634
2.71502
0.699634
5.69011
-1.31575
-1.50769
-1.31575
-1.60366
-5.15458
-4.29084
-3.33114
-4.29084
0.507692
-2.37143
-0.260073
-3.52308
-0.452015
3.38681
6.84176
2.71502
-0.643956
8.37729
-9.6652
-5.7304
-5.15458
1.08352
-3.42711
-4.38681
-1.02784
-0.452015
-1.02784
-1.69963
-0.0681319
-0.260073
-1.31575
0.699634
-4.57875
0.0278388
3.86667
7.70549
8.08938
1.27546
0.603663
1.17949
-5.34652
-2.94725
-4.7707
-1.69963
-0.547985
2.90696
-0.260073
-0.356044
0.411722
0.12381
4.44249
2.90696
1.85128
5.4022
4.44249
-9.47326
-5.92234
-3.71502
-0.164103
7.22564
-0.452015
-2.4674
-2.56337
-3.61905
-3.81099
-1.98755
-1.50769
5.01832
-0.164103
2.04322
3.7707
1.75531
1.94725
0.987546
0.795604
3.29084
-1.31575
2.33114
-3.71502
2.04322
0.315751
5.97802
6.07399
9.91282
6.3619
4.44249
10.2967
10.0088
12.504
10.2967
9.24103
6.26593
6.84176
10.3927
3.38681
7.12967
10.4886
12.6
17.5905
20.3736
18.2623
28.7231
17.6864
15.5751
13.0799
16.9187
16.9187
15.959
16.3429
16.6308
17.5905
16.2469
16.4388
14.0396
7.12967
7.80147
10.1048
12.0242
13.4637
10.5846
9.24103
8.85714
9.62491
4.7304
0.21978
0.699634
-3.13919
-5.53846
-2.65934
-0.643956
1.94725
1.4674
1.17949
3.96264
6.74579
0.507692
-2.4674
-1.69963
3.00293
0.507692
-0.643956
0.12381
-0.739927
-2.75531
-5.7304
-0.260073
-2.85128
-0.260073
-5.34652
0.795604
-1.50769
-10.433
-15.2315
-14.3678
-12.7363
-15.3275
-11.8725
-11.2007
-9.56923
-14.0799
-14.9436
-16.2872
-17.9187
-16.5751
-17.5348
-18.6864
-17.5348
-17.1509
-17.4388
-22.8132
-20.7978
-20.5099
-22.4293
-17.5348
-15.0396
-11.3927
-14.7516
-8.22564
-11.4886
-9.6652
-14.8476
-14.9436
-16.2872
-12.8322
-15.1355
-15.6154
-16.767
-18.1106
-15.8073
-19.1663
-8.51355
-15.2315
-18.3985
-20.4139
-19.1663
-20.4139
-17.8227
-17.4388
-12.1604
-16.767
-24.6366
-18.1106
-15.1355
-29.7231
-18.6864
-23.389
-24.8286
-19.5502
-19.0703
-16.2872
-14.8476
-17.6308
-11.4886
-17.5348
-17.9187
-17.1509
-20.4139
-17.1509
-18.2066
-17.5348
-11.5846
-8.80147
-10.5289
-6.01832
-9.28132
-4.67473
-6.4022
-9.18535
-7.3619
-5.25055
-3.90696
-2.85128
-0.452015
-2.56337
-5.25055
-4.29084
-2.17949
-0.547985
-0.452015
0.699634
-0.452015
0.507692
5.97802
2.13919
4.05861
7.89744
5.11429
10.3927
-3.04322
-8.60952
-6.30623
1.17949
4.44249
2.90696
6.93773
4.53846
3.19487
4.92234
4.92234
5.30623
3.7707
5.4022
2.23516
2.33114
7.22564
7.0337
6.64982
3.29084
5.49817
4.25055
4.53846
9.04908
6.55385
11.0645
10.0088
11.1604
8.08938
6.93773
7.99341
6.93773
15.959
11.1604
12.696
13.6557
14.1355
11.0645
14.5194
17.2066
21.0454
16.9187
18.7421
15.6711
22.9648
18.4542
9.91282
1.27546
3.7707
16.6308
14.8073
15.5751
18.9341
14.0396
21.7172
18.8381
14.7114
21.4293
17.3026
15.767
10.4886
15.767
11.0645
16.2469
14.8073
15.0952
9.91282
4.63443
15.959
14.5194
14.9033
8.37729
11.3524
10.6806
9.91282
10.1048
12.9839
4.15458
12.4081
13.0799
15.3832
7.89744
8.6652
7.99341
10.2967
9.62491
11.8322
13.0799
12.0242
12.1201
13.4637
8.85714
5.59414
9.62491
13.4637
11.6403
15.3832
15.5751
15.4791
14.0396
6.26593
13.9436
1.94725
5.88205
-0.356044
1.27546
2.52308
-1.7956
1.4674
-0.0681319
0.891575
-0.547985
5.01832
0.795604
1.85128
-1.69963
-1.31575
-0.835897
0.507692
1.94725
4.44249
5.69011
-0.835897
1.37143
5.69011
0.603663
5.78608
7.0337
-3.42711
-1.7956
5.4022
5.59414
7.12967
8.85714
5.88205
2.71502
4.15458
4.82637
5.69011
5.01832
5.11429
2.71502
6.74579
4.53846
1.37143
-1.50769
-3.52308
-2.27546
-4.00293
-0.547985
3.29084
0.21978
5.4022
2.81099
2.33114
0.795604
0.12381
1.94725
6.55385
5.78608
0.891575
1.27546
3.96264
-5.92234
-0.452015
-1.69963
0.987546
0.12381
1.37143
1.85128
0.21978
-3.23516
-0.643956
-3.81099
-3.90696
-3.13919
-4.19487
-3.42711
-1.60366
-2.17949
-2.17949
-1.60366
-3.33114
-9.85714
-5.7304
-4.86667
-5.05861
-5.7304
-7.74579
-5.92234
-8.70549
-6.11429
-10.241
-7.64982
-12.3524
-11.3927
-12.4484
-15.9033
-13.9839
-13.696
-13.1201
-6.30623
-6.69011
-17.4388
-8.80147
-11.6806
-16.959
-17.3429
-18.7824
-14.8476
-14.3678
-14.6557
-13.0242
-12.3524
-8.80147
-6.59414
-8.12967
-9.08938
-13.0242
-6.97802
-6.97802
-4.7707
-5.44249
-4.7707
-5.53846
-7.45788
-7.16996
-1.41172
-7.16996
-5.05861
-5.92234
-3.42711
-2.85128
-6.97802
-9.85714
-11.5846
-11.8725
-5.63443
-3.04322
-2.17949
-3.81099
-5.44249
-5.05861
-6.30623
-1.7956
-4.00293
-6.01832
-7.64982
-8.32161
-5.63443
-1.02784
-3.04322
-6.88205
-7.26593
