7.22564
7.89744
8.56923
5.69011
12.3121
13.7516
10.3927
8.76117
9.43297
7.60952
6.74579
5.4022
1.65934
5.88205
5.30623
5.97802
3.86667
-3.52308
6.74579
0.987546
8.56923
-1.41172
2.33114
6.07399
5.49817
7.80147
2.42711
3.67473
1.08352
8.37729
6.26593
9.72088
8.76117
7.89744
1.4674
2.81099
2.42711
4.15458
3.86667
-2.17949
2.42711
4.44249
-3.33114
3.7707
4.92234
-4.29084
11.6403
1.56337
4.7304
0.795604
-0.835897
0.507692
-1.89158
-0.260073
-9.08938
-2.4674
0.699634
-8.80147
-7.64982
-9.28132
-13.1201
-8.51355
-12.1604
-10.1451
-6.01832
-6.78608
-6.69011
-5.7304
-6.69011
-14.0799
-11.9685
-12.9282
-15.0396
-13.7919
-7.45788
-13.4081
-5.05861
-2.17949
-4.29084
-7.84176
-8.70549
-9.56923
-6.49817
-12.0645
-10.8168
-4.19487
-8.22564
-7.45788
-5.53846
-3.52308
-7.16996
-6.4022
-10.337
1.17949
2.13919
-1.98755
2.90696
-6.01832
-8.12967
-4.48278
-4.38681
-6.59414
-3.42711
-3.13919
2.90696
-1.31575
-0.356044
0.411722
1.4674
0.21978
3.48278
3.00293
7.41758
2.33114
-3.23516
2.81099
1.65934
-0.931868
-1.69963
-7.16996
-5.82637
-4.0989
-6.01832
-1.98755
-5.34652
-6.78608
-4.7707
-2.65934
-3.23516
-2.56337
-2.37143
-4.29084
-6.30623
-2.17949
1.94725
3.67473
-1.12381
0.987546
2.23516
2.71502
2.42711
-1.41172
-2.08352
-4.38681
-3.90696
0.507692
-2.56337
0.411722
-4.7707
-8.60952
-0.0681319
-4.00293
-5.44249
-0.356044
-5.34652
-7.64982
-3.61905
-0.547985
-7.93773
-0.452015
-10.337
-9.95311
-1.50769
-10.7209
-12.3524
-3.42711
-6.4022
4.15458
6.84176
6.26593
2.33114
4.63443
4.53846
7.60952
-3.42711
4.44249
-5.7304
0.315751
5.78608
5.97802
5.59414
12.7919
7.22564
9.04908
9.04908
6.64982
8.56923
10.5846
6.26593
-2.08352
6.07399
-1.02784
0.987546
-8.70549
-8.41758
0.699634
-7.74579
-3.90696
-5.05861
2.52308
4.44249
4.44249
-2.08352
-2.94725
5.49817
-0.0681319
0.12381
1.65934
3.0989
2.81099
7.32161
3.38681
6.26593
3.67473
0.795604
-7.07399
-3.13919
2.42711
9.43297
4.82637
0.12381
2.13919
-0.835897
-3.52308
1.17949
-1.12381
-5.44249
8.08938
-8.0337
3.0989
2.61905
-1.89158
-15.7114
-0.452015
-5.7304
-4.0989
-6.49817
-7.3619
5.69011
-4.29084
-7.07399
4.82637
-4.38681
-2.75531
-5.92234
7.89744
-10.1451
2.52308
0.891575
0.699634
6.55385
-3.04322
0.12381
-1.21978
-1.69963
4.92234
-7.26593
-2.56337
0.795604
-1.98755
-3.71502
6.26593
9.14505
10.4886
-0.356044
7.70549
-4.67473
-5.34652
4.25055
-3.52308
5.69011
-4.57875
1.17949
-1.98755
-2.65934
3.48278
5.4022
1.4674
0.699634
-3.71502
2.23516
3.7707
4.82637
0.987546
5.01832
-1.02784
9.62491
-0.739927
4.7304
1.08352
3.00293
1.27546
-5.63443
0.21978
2.33114
-4.57875
2.13919
-3.23516
-1.89158
-4.86667
4.63443
-2.65934
0.0278388
-12.9282
6.3619
4.15458
-3.81099
-0.547985
-8.22564
-8.99341
0.411722
-4.19487
-7.93773
-12.6403
-3.71502
-10.9128
-10.0491
-7.74579
-8.51355
-4.29084
-6.11429
-6.21026
-10.9128
-3.71502
-4.48278
-4.96264
-8.89744
-12.0645
-12.0645
-4.57875
-6.11429
-7.16996
3.57875
-3.90696
-1.7956
-5.05861
-3.23516
-7.84176
0.315751
-3.52308
-8.60952
0.795604
8.37729
-5.63443
-7.64982
-12.5443
-9.18535
-12.0645
0.699634
-0.0681319
-10.433
-11.3927
-3.81099
-4.7707
-6.01832
-7.26593
0.987546
-1.7956
0.795604
-8.99341
-4.19487
0.507692
-2.75531
-0.835897
6.45788
3.00293
0.507692
12.9839
5.59414
-0.547985
6.26593
7.12967
7.60952
-2.37143
-1.69963
8.37729
5.01832
9.43297
13.2718
6.55385
13.7516
7.70549
9.91282
8.28132
15.1912
-6.59414
4.05861
0.507692
10.8725
-7.84176
5.59414
10.0088
5.69011
3.96264
-4.19487
11.5443
-5.63443
-0.643956
-12.4484
-5.63443
-0.452015
1.75531
-16.5751
-4.19487
5.4022
5.01832
13.4637
12.696
7.70549
3.0989
-0.547985
-5.7304
-2.56337
-3.61905
-4.7707
-3.81099
3.29084
1.85128
6.93773
7.80147
13.0799
9.337
8.18535
5.78608
-0.452015
-5.53846
0.21978
0.315751
-4.67473
-4.29084
-9.56923
0.315751
0.21978
1.08352
0.507692
4.05861
3.00293
-0.356044
5.97802
-1.21978
0.0278388
-7.45788
-5.44249
-3.04322
-6.59414
-2.94725
-3.90696
1.08352
-0.260073
0.987546
1.85128
2.81099
-4.19487
-2.75531
-7.26593
-6.4022
-10.433
-7.84176
-9.85714
-6.4022
-3.23516
-4.38681
-1.69963
0.0278388
0.507692
4.34652
5.30623
6.84176
7.99341
5.01832
7.0337
0.12381
2.33114
1.08352
-1.50769
3.48278
-0.260073
-0.164103
-3.04322
-4.67473
-0.739927
-5.63443
-3.61905
-2.37143
-1.02784
0.0278388
1.37143
10.0088
5.69011
8.08938
3.67473
-1.60366
0.12381
-3.90696
-6.4022
-4.96264
-4.0989
-4.0989
-1.98755
1.56337
4.15458
5.4022
5.01832
0.987546
2.90696
2.13919
3.00293
2.23516
1.65934
0.315751
1.56337
2.04322
5.97802
7.51355
5.49817
5.49817
0.411722
1.75531
3.67473
1.85128
-0.0681319
-1.69963
1.75531
-0.0681319
-0.452015
-0.931868
-2.56337
-3.23516
-0.835897
-2.17949
0.12381
4.7304
3.29084
-0.356044
-0.356044
-2.56337
-1.60366
0.987546
2.04322
-3.23516
-5.63443
-8.22564
-6.11429
-5.25055
-5.25055
0.0278388
2.52308
2.42711
0.987546
2.33114
3.67473
5.01832
2.90696
0.315751
-0.452015
-1.89158
-2.37143
-9.18535
-4.00293
1.75531
-0.260073
-0.260073
0.0278388
-1.98755
-4.00293
-3.61905
-2.75531
-6.59414
-7.16996
-7.45788
-5.44249
-8.51355
-11.4886
-13.696
-15.1355
-9.28132
-6.11429
-0.739927
-2.08352
2.04322
0.411722
3.57875
1.37143
-2.85128
-4.86667
-9.6652
-9.18535
-12.1604
-7.26593
-6.01832
-2.17949
-3.23516
-2.94725
-3.52308
-4.29084
-3.61905
0.699634
1.4674
0.411722
6.45788
3.38681
0.795604
2.71502
-0.739927
-1.21978
-3.13919
-2.08352
-3.23516
-0.260073
-6.11429
-1.69963
-4.0989
3.38681
11.0645
8.08938
5.4022
7.22564
6.07399
3.38681
2.23516
3.48278
4.82637
1.56337
3.57875
6.26593
8.56923
4.7304
-1.69963
2.23516
-1.69963
0.411722
-0.452015
-2.75531
-6.4022
-6.30623
-6.30623
-8.12967
-8.70549
-5.7304
-10.6249
-11.3927
-11.4886
-11.2967
-10.0491
-6.69011
-8.41758
-9.95311
-5.63443
-2.37143
-0.452015
-2.56337
-3.61905
-4.38681
-6.21026
-7.64982
-5.63443
-2.37143
-2.65934
-0.835897
-8.41758
-10.9128
-9.37729
-3.33114
5.30623
-4.0989
0.315751
-0.739927
-0.452015
0.21978
1.08352
-2.75531
2.33114
2.33114
4.53846
1.75531
1.27546
4.15458
5.30623
4.25055
0.411722
1.65934
4.05861
4.25055
3.19487
1.65934
6.55385
2.71502
2.33114
4.53846
7.12967
1.4674
0.795604
-1.50769
-0.547985
-2.08352
5.21026
-0.260073
4.05861
4.25055
2.33114
3.0989
0.795604
4.25055
1.56337
5.88205
0.987546
0.891575
-3.13919
-2.27546
0.21978
-0.0681319
-1.31575
-3.90696
-1.60366
-2.37143
-3.23516
-1.41172
-2.37143
-1.50769
0.891575
-1.89158
-1.69963
-2.56337
-1.7956
-3.61905
-1.60366
-5.44249
-4.38681
-4.86667
-5.25055
-2.65934
-5.92234
-7.74579
-1.41172
-2.37143
-3.71502
0.12381
-2.56337
0.315751
-4.48278
-3.90696
-6.21026
-4.48278
-5.15458
-10.5289
-7.74579
-7.55385
-5.7304
-6.78608
-5.82637
-6.21026
-5.7304
-4.29084
-1.69963
-3.90696
-4.96264
-1.60366
-3.13919
0.795604
-0.452015
-4.29084
0.699634
0.315751
1.08352
-1.7956
-1.69963
-4.57875
-4.86667
-1.31575
-1.89158
0.699634
-4.00293
-3.90696
-6.11429
-2.85128
-3.23516
-0.835897
-0.452015
-3.71502
-0.739927
1.75531
0.411722
-1.02784
-0.260073
-1.31575
-0.452015
-3.33114
-3.23516
1.27546
-2.85128
-0.0681319
2.71502
0.603663
3.67473
0.411722
2.81099
0.12381
1.65934
0.12381
-3.23516
-3.04322
-3.71502
-0.739927
1.17949
-1.02784
-5.53846
1.56337
-0.643956
0.315751
2.33114
2.04322
4.15458
3.00293
1.56337
2.33114
2.71502
3.57875
1.85128
4.53846
3.19487
1.94725
0.699634
5.21026
2.90696
5.69011
5.11429
1.37143
4.7304
2.61905
0.603663
2.71502
5.30623
3.96264
5.21026
3.0989
3.7707
0.507692
0.507692
-0.452015
-2.56337
-5.44249
-6.69011
-9.08938
-4.7707
-2.85128
-4.29084
-0.547985
0.21978
-2.75531
-4.19487
-3.42711
-3.23516
-4.67473
-8.0337
-4.67473
-3.04322
-1.50769
-6.78608
-5.15458
-5.25055
-3.33114
-1.7956
-1.21978
0.699634
1.08352
0.795604
4.34652
4.92234
2.52308
-0.260073
0.891575
1.17949
0.795604
1.08352
1.75531
2.81099
1.08352
-1.60366
-2.4674
-2.17949
-0.452015
0.699634
2.04322
-0.164103
-0.643956
-1.60366
-2.27546
-1.12381
-0.835897
-3.81099
-2.37143
-4.29084
-2.17949
2.61905
2.33114
5.49817
6.84176
4.82637
5.88205
-0.164103
0.411722
-4.67473
-6.30623
-4.57875
3.57875
8.47326
7.51355
7.41758
1.65934
7.41758
1.85128
1.37143
0.0278388
-3.13919
0.411722
1.85128
2.04322
5.88205
4.05861
4.82637
4.34652
5.21026
5.4022
4.15458
7.70549
4.15458
4.05861
2.23516
4.44249
3.19487
3.86667
-1.02784
2.52308
-0.643956
-1.31575
0.21978
-3.04322
-2.56337
-5.82637
-8.80147
-8.70549
-9.37729
-10.8168
-7.93773
-6.88205
-5.25055
-1.7956
-2.56337
-4.86667
-7.16996
-6.88205
-8.41758
-6.78608
-6.88205
-7.64982
-5.15458
-3.52308
-7.93773
-7.74579
-4.67473
-1.41172
-0.0681319
0.315751
1.75531
4.82637
6.84176
3.96264
4.53846
-1.21978
-3.33114
-2.94725
3.0989
-0.547985
4.44249
2.90696
0.507692
3.00293
2.42711
0.12381
1.37143
1.08352
-0.547985
-5.25055
-2.94725
-1.7956
-1.60366
-2.94725
0.21978
-0.931868
0.891575
1.75531
1.37143
1.4674
-3.04322
-1.31575
-4.29084
-2.56337
-3.23516
-0.356044
-1.89158
-1.60366
-4.67473
-2.37143
-2.94725
-3.33114
-1.21978
-1.60366
-4.86667
-6.01832
-3.42711
0.12381
1.37143
-1.02784
0.987546
-1.60366
-2.94725
-2.56337
-4.38681
-5.53846
-4.7707
-5.7304
-1.31575
-1.31575
0.891575
-1.21978
1.75531
1.08352
0.987546
-2.4674
-4.86667
-3.71502
0.603663
-1.89158
-2.75531
-5.82637
-4.48278
-3.81099
-2.85128
-6.4022
-5.25055
-6.49817
-6.4022
-7.3619
-7.55385
-9.47326
-9.47326
-10.241
-7.16996
-6.59414
-6.49817
-9.37729
-7.93773
-8.0337
-5.15458
-7.93773
-7.45788
-7.45788
-6.59414
-6.97802
-3.33114
-4.7707
-7.55385
-3.90696
-8.51355
-8.12967
-10.433
-10.7209
-8.22564
-4.19487
-5.53846
-3.61905
-6.97802
-6.88205
-3.33114
-4.48278
-3.81099
-5.44249
-6.49817
-4.96264
-2.65934
-3.90696
-5.25055
-3.42711
-4.96264
-3.61905
-3.42711
-4.29084
-4.19487
-4.48278
-3.42711
-0.547985
-3.04322
-1.12381
0.891575
1.94725
-0.0681319
2.33114
-1.02784
0.21978
-0.0681319
-0.547985
-0.260073
1.94725
4.05861
8.18535
-0.164103
-0.452015
-2.17949
-1.98755
-0.452015
-1.98755
-2.27546
-0.739927
-0.835897
-2.75531
-5.53846
-4.48278
-5.05861
-4.57875
-4.48278
-5.53846
-7.16996
-6.59414
-3.61905
-6.59414
-3.90696
-1.98755
-1.41172
-5.05861
-5.82637
-10.0491
-12.4484
-11.2967
-8.80147
-8.70549
-7.93773
-4.86667
-6.30623
-4.86667
-9.6652
-10.6249
-11.9685
-10.5289
-10.9128
-11.4886
-8.41758
-6.01832
-5.82637
-7.07399
-8.89744
-8.80147
-7.55385
-8.60952
-9.6652
-8.99341
-3.61905
-6.4022
-6.4022
-1.21978
-2.4674
1.65934
4.15458
7.32161
5.21026
3.00293
2.52308
3.86667
6.07399
9.81685
9.04908
5.30623
6.16996
1.94725
0.987546
2.04322
3.00293
4.05861
6.07399
7.60952
9.24103
10.6806
9.62491
7.89744
9.04908
8.95311
8.95311
5.30623
6.26593
6.3619
5.59414
7.89744
11.7363
9.14505
9.81685
9.62491
10.5846
7.99341
12.4081
15.959
14.1355
10.6806
8.56923
8.37729
5.30623
5.59414
3.29084
2.04322
4.53846
6.16996
7.41758
11.2564
9.24103
6.16996
7.60952
5.69011
5.59414
3.00293
2.52308
0.603663
2.23516
-0.547985
0.0278388
-1.12381
2.52308
4.63443
5.21026
4.34652
1.4674
0.891575
-3.04322
-2.17949
-3.23516
0.411722
0.21978
3.38681
6.84176
6.55385
5.4022
3.96264
-1.60366
0.987546
3.00293
-1.7956
-5.15458
-2.56337
-4.38681
-2.4674
-2.37143
1.94725
5.11429
4.15458
3.19487
1.08352
-2.08352
-1.50769
1.65934
0.315751
1.4674
1.65934
1.4674
4.25055
2.33114
5.88205
5.11429
0.891575
1.17949
3.7707
0.699634
4.05861
3.57875
2.52308
5.69011
5.59414
8.56923
9.04908
6.93773
7.22564
5.30623
5.11429
5.21026
7.80147
7.70549
6.84176
7.22564
7.60952
7.89744
9.72088
12.696
13.0799
10.9685
12.1201
11.0645
1.27546
-2.27546
-3.42711
-3.61905
-4.38681
2.33114
5.30623
9.337
10.4886
8.85714
6.64982
4.15458
3.57875
-0.164103
1.27546
0.411722
1.4674
1.4674
1.27546
1.08352
1.4674
1.85128
-2.4674
-3.71502
-0.931868
-2.56337
-3.52308
-5.7304
-1.12381
-0.931868
4.53846
4.34652
3.29084
1.56337
2.90696
0.0278388
-3.04322
-5.63443
-5.05861
-5.05861
-5.15458
-9.95311
-7.74579
-5.63443
-5.92234
-8.22564
-5.15458
-8.32161
-8.22564
-10.433
-10.6249
-6.88205
-5.92234
-4.48278
-3.71502
0.12381
1.56337
-1.69963
0.411722
-1.69963
-2.08352
-4.7707
-3.81099
-1.31575
-2.56337
-2.37143
-1.60366
-4.86667
-5.44249
-4.48278
-6.69011
-2.56337
-4.29084
2.04322
2.90696
4.7304
4.44249
2.33114
4.34652
0.21978
2.33114
3.7707
4.34652
2.71502
2.13919
0.795604
1.4674
0.21978
0.987546
-1.12381
-3.13919
-7.16996
-4.0989
-2.17949
-0.643956
-0.452015
0.507692
2.23516
3.67473
-1.60366
0.21978
-1.7956
-2.4674
-4.0989
-2.4674
0.699634
-1.02784
2.71502
4.05861
1.85128
5.21026
0.891575
1.4674
-0.547985
4.44249
2.90696
-1.50769
-0.260073
-3.61905
0.603663
-4.86667
-4.19487
-4.86667
-6.49817
-4.57875
-7.64982
-8.51355
-4.67473
-0.452015
-2.65934
-2.75531
-2.75531
-1.69963
-4.19487
-4.57875
-3.81099
-4.57875
-4.0989
-1.50769
-0.931868
0.987546
-0.452015
-0.931868
-0.164103
0.603663
0.0278388
-3.33114
-6.78608
-7.64982
-5.44249
-4.29084
-7.07399
-2.75531
-0.452015
-1.98755
-0.739927
1.17949
2.81099
0.315751
-1.69963
-4.00293
-2.94725
-3.13919
-2.94725
3.19487
3.29084
2.04322
4.92234
5.59414
3.48278
-2.17949
-7.93773
-11.2007
-12.6403
-7.84176
-4.67473
0.891575
0.891575
-0.547985
3.7707
5.01832
5.97802
2.90696
-0.0681319
-2.85128
-5.15458
-1.98755
-2.37143
-1.41172
2.04322
2.42711
2.23516
2.71502
2.52308
3.19487
7.41758
5.97802
5.01832
2.81099
3.48278
3.48278
5.11429
3.38681
4.34652
3.38681
7.70549
5.11429
4.53846
3.86667
1.27546
2.81099
-0.356044
-0.356044
-2.75531
2.71502
1.65934
4.63443
1.08352
-0.356044
0.507692
-2.17949
0.0278388
-2.08352
0.12381
0.795604
0.21978
-0.547985
1.17949
1.85128
-0.0681319
-2.37143
-4.57875
-3.71502
-3.23516
-5.7304
-5.34652
-13.1201
-7.26593
-4.29084
-4.19487
-4.48278
-6.01832
-8.22564
-7.26593
-4.96264
-5.53846
-3.33114
-5.25055
-5.82637
-6.69011
-7.64982
-4.00293
-3.13919
-4.00293
0.315751
-2.75531
-5.15458
-3.81099
0.603663
2.71502
1.17949
3.96264
4.34652
3.57875
5.69011
6.84176
7.0337
8.08938
7.80147
6.74579
6.16996
6.45788
8.56923
9.24103
5.49817
6.26593
6.16996
7.12967
7.51355
8.08938
9.81685
8.6652
2.90696
4.7304
5.4022
7.70549
7.80147
6.07399
6.07399
5.97802
5.97802
7.89744
1.17949
0.891575
-2.94725
-5.15458
-2.94725
-4.00293
-0.452015
-0.835897
-1.41172
1.56337
2.71502
4.34652
-0.164103
1.94725
4.63443
6.07399
4.53846
1.65934
1.4674
-0.739927
0.12381
0.795604
2.90696
5.11429
2.71502
4.05861
-1.69963
-2.27546
-0.164103
-4.48278
-1.98755
-3.81099
-1.21978
-2.27546
-1.31575
0.315751
0.0278388
-2.56337
-2.94725
-4.00293
-7.45788
-6.69011
-9.08938
-13.2161
-13.3121
-14.8476
-13.8879
-8.51355
-2.27546
-3.04322
-1.89158
-6.4022
-7.07399
-4.96264
-4.67473
-6.97802
-9.56923
-10.241
-10.0491
-8.22564
-2.37143
3.57875
1.94725
-0.835897
-2.27546
-0.452015
-1.60366
-1.02784
-1.7956
-0.739927
0.699634
2.13919
10.0088
3.57875
7.0337
3.96264
1.56337
-0.835897
-1.02784
-2.56337
-3.52308
-0.0681319
0.507692
5.21026
2.61905
2.42711
-2.27546
-0.643956
-0.931868
0.12381
2.23516
2.42711
2.90696
1.94725
4.7304
2.42711
1.85128
4.05861
3.19487
3.96264
2.52308
1.27546
2.71502
5.69011
5.01832
1.56337
-0.164103
0.411722
1.56337
-0.931868
1.56337
3.48278
-2.17949
-5.25055
-5.25055
-9.85714
-12.3524
-7.26593
-5.44249
-0.452015
1.17949
-0.356044
-1.41172
-4.38681
-4.19487
0.603663
-1.02784
1.37143
1.27546
0.603663
4.05861
7.51355
9.14505
8.85714
5.21026
-0.0681319
2.04322
3.00293
4.34652
8.08938
7.22564
7.22564
4.63443
5.4022
6.84176
7.12967
5.59414
4.7304
5.01832
3.86667
4.15458
8.18535
4.25055
4.15458
3.96264
7.0337
7.60952
3.7707
3.7707
4.53846
1.56337
8.47326
5.59414
9.62491
5.59414
2.42711
3.48278
3.86667
5.21026
4.63443
2.61905
2.23516
2.81099
5.97802
5.69011
4.44249
1.08352
1.4674
6.16996
1.94725
4.34652
6.93773
7.41758
0.21978
-0.835897
1.65934
6.26593
4.53846
6.55385
5.49817
3.38681
7.60952
9.91282
10.7766
10.4886
8.6652
6.3619
4.15458
0.891575
0.987546
-0.356044
1.27546
7.12967
5.88205
4.63443
4.44249
2.04322
1.37143
-0.164103
-0.835897
0.987546
2.71502
4.15458
4.05861
4.44249
0.12381
0.315751
-2.27546
-4.57875
-2.37143
-1.50769
-3.33114
-4.0989
-1.12381
-2.4674
-5.82637
-5.63443
-6.21026
-5.63443
-5.15458
-5.63443
-4.96264
-4.00293
-5.82637
-3.71502
0.795604
0.315751
0.795604
1.08352
-1.69963
-0.452015
-1.89158
3.0989
-2.17949
-6.30623
-1.50769
-1.89158
0.891575
-0.452015
-3.13919
-3.71502
-3.61905
-2.37143
-4.7707
-3.71502
-6.78608
-3.33114
-2.56337
-0.452015
-2.17949
0.603663
2.04322
3.19487
0.0278388
-1.21978
-4.19487
-1.7956
-2.56337
-4.48278
-2.4674
0.603663
5.59414
8.76117
6.84176
3.96264
0.21978
-0.643956
-1.69963
0.21978
-1.02784
1.08352
4.05861
5.30623
2.52308
2.90696
-0.739927
-4.19487
-3.04322
-0.547985
0.0278388
-4.57875
-4.0989
-5.82637
-2.75531
-0.547985
-1.89158
0.315751
-0.835897
-2.85128
-0.835897
-1.50769
-2.56337
-1.60366
-0.356044
-0.739927
-3.71502
-3.71502
-4.48278
-6.30623
-5.82637
-5.63443
-6.69011
-3.61905
-1.98755
1.4674
1.17949
4.34652
1.17949
-0.260073
-5.63443
-8.99341
-3.04322
-0.643956
1.75531
0.507692
-1.31575
-8.22564
-6.4022
-3.33114
-0.164103
1.56337
-2.37143
-0.739927
1.85128
2.04322
1.85128
2.81099
1.75531
0.411722
1.94725
-1.50769
1.37143
5.01832
8.47326
12.1201
6.07399
5.30623
-0.739927
1.94725
2.90696
5.97802
3.29084
1.85128
2.81099
0.21978
2.04322
5.01832
2.23516
-0.0681319
0.795604
0.0278388
-1.21978
1.4674
2.61905
3.19487
0.699634
-4.7707
0.699634
1.94725
4.7304
4.92234
1.4674
0.603663
-3.42711
-5.63443
-6.69011
-6.01832
-4.00293
-2.94725
-3.90696
-3.13919
-5.34652
-3.81099
-4.38681
-2.56337
-1.12381
0.315751
-2.17949
-2.08352
-1.31575
-3.90696
-4.67473
5.4022
1.4674
1.17949
2.33114
0.891575
-0.452015
-0.356044
-2.75531
-2.08352
-4.57875
-3.13919
-1.02784
-0.931868
-0.739927
-0.260073
-3.71502
-6.11429
-10.337
-9.85714
-7.16996
-6.49817
-4.7707
-5.82637
-4.00293
-5.7304
-2.85128
-3.71502
-3.81099
-2.37143
-5.63443
-6.4022
-9.85714
-8.89744
-2.08352
-5.82637
-3.52308
0.987546
1.75531
1.37143
0.891575
1.56337
2.04322
0.507692
1.17949
-2.75531
-1.41172
0.411722
4.92234
3.0989
1.27546
0.699634
0.0278388
0.795604
2.90696
4.7304
0.699634
-0.0681319
0.315751
3.48278
2.13919
2.52308
-1.41172
1.08352
1.75531
3.38681
-0.0681319
-0.643956
-0.547985
-4.67473
3.48278
-3.90696
-4.19487
-3.42711
-1.41172
-1.02784
-1.12381
-0.739927
0.21978
-1.50769
-0.835897
0.987546
-4.29084
-3.04322
1.75531
0.0278388
1.37143
1.4674
4.05861
4.92234
3.67473
0.507692
-0.643956
0.507692
0.699634
1.65934
-0.452015
-0.547985
1.27546
3.67473
4.05861
5.11429
10.5846
12.8879
7.80147
3.00293
-0.547985
-2.94725
-0.164103
-2.94725
-3.33114
1.56337
3.29084
7.0337
8.28132
9.04908
8.37729
7.22564
9.62491
4.05861
0.795604
-0.931868
0.0278388
-2.08352
-2.08352
-2.85128
-1.50769
1.27546
1.17949
4.63443
10.5846
4.05861
1.37143
-0.931868
-1.89158
-5.15458
-3.61905
-6.30623
-7.55385
-8.99341
-0.0681319
2.13919
5.59414
4.15458
6.93773
2.90696
0.315751
-5.92234
-8.22564
-8.0337
-6.97802
-5.82637
-4.48278
-1.41172
-2.17949
0.987546
3.0989
3.96264
5.49817
1.17949
0.507692
-3.23516
-5.7304
-5.92234
-2.75531
4.15458
0.507692
-0.164103
3.57875
5.69011
3.86667
1.56337
0.987546
1.27546
0.315751
-0.739927
-4.00293
-6.01832
-3.33114
-1.7956
2.61905
7.41758
6.3619
7.0337
5.97802
3.19487
2.13919
-9.56923
-8.41758
-11.0088
-7.16996
-5.92234
-2.17949
-1.12381
-0.452015
4.7304
6.26593
5.11429
2.13919
-1.50769
-1.7956
-6.11429
-6.59414
-11.2967
-10.433
-6.78608
-3.33114
3.86667
5.88205
4.63443
7.32161
3.38681
0.315751
-1.31575
-0.0681319
-2.08352
-8.51355
-2.37143
-0.0681319
0.507692
4.34652
4.53846
5.01832
3.86667
1.37143
-2.75531
-7.45788
-8.99341
-10.1451
-7.16996
-5.25055
1.56337
5.69011
5.69011
0.603663
-1.12381
2.61905
-1.31575
-0.0681319
-3.23516
-1.69963
-5.25055
-3.04322
0.411722
3.86667
8.28132
9.43297
13.2718
10.4886
8.28132
7.22564
4.7304
-0.164103
0.21978
-1.12381
-1.02784
0.795604
3.57875
7.12967
10.8725
11.6403
9.81685
5.4022
4.53846
-1.21978
-4.0989
-1.31575
-2.4674
-1.12381
-1.41172
-5.63443
-1.02784
-0.452015
0.315751
1.27546
0.507692
-0.452015
-1.02784
-3.13919
-8.22564
-6.01832
-5.44249
-1.7956
2.52308
1.56337
1.94725
0.795604
-1.69963
-2.56337
0.21978
-0.739927
-1.21978
-2.37143
-0.931868
0.987546
-0.835897
-2.27546
-3.04322
-2.17949
-0.356044
-1.50769
-3.23516
-4.67473
-3.04322
-1.50769
-0.452015
-1.7956
-5.44249
-3.61905
-2.08352
-1.41172
-2.4674
-4.19487
-4.29084
-9.28132
-8.70549
-7.07399
-2.94725
-2.17949
-3.90696
-8.0337
-9.47326
-11.2967
-7.16996
-4.00293
-2.94725
-5.63443
-3.71502
-6.59414
-2.37143
-4.29084
-5.05861
-6.49817
-6.59414
-5.25055
-4.38681
-4.57875
-5.25055
-4.7707
-5.25055
-6.01832
-7.55385
-6.97802
-1.60366
-1.41172
0.987546
-3.23516
-1.02784
4.44249
1.37143
-0.452015
-0.356044
3.38681
-1.21978
-0.835897
-5.34652
-6.69011
-5.82637
-1.41172
1.85128
2.90696
5.78608
3.7707
3.57875
0.891575
-0.452015
-4.57875
-1.60366
2.42711
5.78608
6.64982
8.28132
4.05861
6.07399
5.88205
6.74579
11.2564
14.3275
17.0147
14.8073
14.2315
13.5597
11.1604
10.4886
7.41758
7.60952
7.99341
3.00293
6.55385
23.5407
8.6652
11.2564
11.8322
16.4388
0.699634
3.67473
3.29084
0.21978
1.75531
6.07399
4.63443
10.0088
13.1758
15.959
19.3179
19.7018
16.3429
12.2161
6.45788
3.29084
2.90696
0.891575
-1.21978
3.29084
7.51355
7.12967
7.0337
6.64982
10.8725
3.48278
2.04322
3.29084
1.75531
-3.33114
7.60952
8.47326
7.80147
6.45788
-0.260073
-4.57875
-3.33114
-1.69963
-1.60366
-5.05861
-4.29084
-2.37143
-0.547985
2.90696
2.90696
2.23516
4.7304
1.08352
-0.547985
-3.13919
-0.0681319
2.04322
-8.70549
-5.25055
-6.88205
-6.59414
-2.85128
-1.89158
2.52308
1.08352
0.891575
-3.81099
-4.38681
-4.19487
-5.05861
-4.38681
-4.48278
-1.31575
-2.94725
-2.17949
-1.50769
-7.07399
-6.21026
-10.1451
-8.80147
-7.55385
-10.8168
-9.6652
-14.0799
-11.7766
-10.6249
-8.80147
-8.0337
-3.61905
-1.98755
-4.7707
-6.01832
-5.63443
-2.37143
-6.49817
-5.15458
-7.26593
-2.56337
0.0278388
-2.17949
-2.56337
-1.21978
-3.90696
-5.25055
-4.0989
-5.53846
-1.31575
-3.23516
-1.98755
-2.94725
0.315751
-0.356044
-1.41172
-4.00293
4.7304
4.82637
-3.61905
-0.260073
-0.931868
0.12381
1.17949
-1.12381
-0.739927
-3.90696
-0.643956
-5.34652
-3.71502
-5.92234
-4.67473
-5.63443
-4.0989
-5.92234
-2.37143
-3.61905
-1.89158
-4.19487
-1.98755
-3.42711
-2.56337
-5.92234
-2.75531
-6.69011
-4.29084
-1.21978
-1.98755
-4.0989
-4.29084
-3.61905
-2.56337
-4.86667
-0.739927
-0.643956
2.13919
4.25055
-0.931868
3.00293
-1.21978
-3.23516
-4.57875
-4.57875
-3.61905
-1.60366
-6.21026
-8.0337
-6.69011
-8.70549
-10.6249
-9.08938
-6.97802
-8.12967
-6.49817
-3.90696
-2.94725
-1.41172
-4.29084
-2.85128
-3.33114
-3.33114
-7.45788
-4.29084
-5.7304
-5.7304
-5.63443
-5.53846
-5.92234
-3.90696
-1.41172
-2.85128
-2.27546
-1.98755
0.507692
-4.96264
1.37143
2.90696
-2.65934
-0.547985
-1.60366
-4.0989
-5.15458
-0.931868
-1.21978
-1.60366
-3.71502
-3.13919
-4.38681
-8.70549
-6.21026
-5.82637
-3.42711
0.12381
1.08352
3.19487
-0.931868
8.95311
-3.90696
-0.164103
-1.31575
-3.71502
0.507692
-1.31575
-1.02784
-0.643956
3.7707
1.27546
0.411722
4.15458
3.19487
1.17949
5.01832
10.0088
5.59414
6.07399
8.37729
8.6652
11.2564
10.0088
8.6652
9.81685
10.7766
7.41758
9.72088
3.29084
0.315751
2.71502
2.33114
0.411722
6.93773
5.69011
6.55385
1.56337
0.12381
-0.739927
5.97802
5.11429
10.2007
6.26593
8.56923
7.32161
4.53846
10.9685
5.97802
2.13919
2.23516
3.19487
4.92234
2.71502
5.01832
4.7304
3.7707
2.81099
3.38681
4.53846
4.15458
2.13919
-1.60366
-1.98755
-6.59414
-4.96264
-3.42711
-1.50769
-3.13919
-1.7956
-0.356044
-0.0681319
-0.164103
-0.0681319
1.08352
-2.56337
-2.08352
-3.71502
-2.65934
-1.60366
1.75531
-0.260073
-1.7956
1.4674
0.699634
3.19487
1.94725
0.603663
-0.356044
4.7304
2.23516
5.69011
6.16996
9.52894
9.62491
7.0337
7.51355
0.795604
1.75531
0.21978
2.61905
4.05861
3.48278
4.92234
6.93773
7.0337
9.81685
11.6403
11.3524
13.6557
8.37729
4.25055
0.507692
0.891575
-1.50769
2.33114
0.891575
2.81099
2.71502
5.30623
2.33114
0.891575
2.33114
0.603663
1.37143
-0.931868
-1.02784
-0.835897
-0.164103
3.19487
4.34652
4.92234
1.4674
-0.547985
-0.547985
-0.260073
4.15458
3.29084
-3.90696
-4.00293
-6.78608
-4.19487
-0.547985
0.795604
1.85128
-3.52308
-3.90696
-4.38681
-6.11429
-5.82637
0.411722
-1.69963
-3.81099
-0.356044
-3.33114
-5.34652
-6.49817
-4.19487
-6.69011
-8.22564
-6.30623
-5.34652
-4.38681
-5.7304
-2.4674
-5.25055
-4.00293
-5.92234
-5.15458
-6.97802
-6.21026
-2.56337
-2.17949
0.21978
-2.37143
-3.42711
-3.81099
-3.04322
-3.52308
-3.23516
-5.25055
-4.67473
-5.15458
-1.21978
-5.7304
-6.4022
-3.52308
-5.44249
-0.547985
-2.75531
-0.452015
-3.04322
-2.37143
-5.34652
-2.94725
-1.02784
-3.04322
-4.86667
-7.07399
-0.452015
2.52308
0.411722
1.4674
2.33114
4.05861
-0.547985
0.795604
-5.53846
-5.63443
-4.00293
-4.19487
-1.41172
-4.0989
-1.21978
3.96264
3.48278
2.04322
-3.71502
-4.19487
-5.15458
-1.41172
-4.38681
-2.37143
-4.0989
-1.02784
0.507692
1.75531
-0.452015
1.27546
0.12381
-3.90696
0.699634
1.85128
-0.931868
-3.04322
-1.69963
-3.52308
-1.41172
-4.19487
-3.71502
-2.85128
-6.21026
-6.21026
-5.15458
-3.81099
-1.98755
-4.48278
-6.01832
-6.01832
-5.7304
-4.57875
-2.37143
-3.23516
-4.29084
-7.55385
-3.33114
0.21978
3.19487
4.82637
5.69011
7.12967
2.71502
3.38681
4.34652
3.57875
1.4674
2.23516
4.34652
5.30623
2.04322
-1.89158
-0.739927
1.75531
1.65934
-1.21978
1.94725
1.65934
0.21978
3.00293
2.52308
1.85128
4.25055
4.82637
5.59414
4.7304
4.7304
4.05861
-1.12381
-1.69963
1.65934
3.67473
2.13919
4.82637
5.21026
2.52308
2.71502
1.4674
3.0989
2.81099
7.89744
1.85128
3.48278
3.38681
3.19487
1.94725
0.0278388
-4.00293
-3.52308
-1.31575
-3.71502
-1.31575
-2.27546
-6.59414
-9.56923
-8.70549
-8.51355
-8.51355
-10.8168
-7.45788
-6.59414
-6.69011
-8.32161
-6.69011
-6.11429
-4.96264
-8.70549
-12.0645
-11.0088
-10.7209
-7.64982
-6.78608
-7.45788
-8.12967
-6.11429
-4.96264
-2.75531
-3.90696
-4.57875
-3.90696
-4.96264
-5.92234
-8.12967
-8.99341
-5.82637
-4.57875
-2.65934
0.0278388
1.37143
1.37143
-0.0681319
-1.60366
-0.0681319
-4.7707
-5.82637
-6.30623
-4.86667
-6.30623
-2.75531
0.12381
3.19487
4.34652
0.891575
1.65934
-1.41172
-1.89158
1.56337
-1.89158
-0.164103
-2.17949
-0.452015
0.0278388
0.12381
-1.12381
-1.12381
-1.21978
-0.643956
-2.27546
-3.90696
-1.7956
-2.56337
-5.44249
-0.739927
-0.931868
-0.452015
-1.21978
0.699634
1.94725
0.0278388
-2.37143
-1.69963
0.891575
1.94725
0.21978
0.699634
-0.164103
1.85128
2.23516
4.92234
5.69011
4.92234
4.05861
2.04322
5.49817
2.61905
2.52308
-0.547985
1.4674
3.67473
5.01832
5.01832
2.81099
-1.69963
-0.643956
1.27546
-3.13919
-0.0681319
2.33114
3.86667
5.21026
0.699634
5.59414
6.84176
4.82637
3.0989
