-1.69963
-1.89158
-4.38681
-3.61905
-1.50769
-2.27546
-0.356044
0.411722
3.38681
-1.89158
-1.41172
2.52308
0.987546
1.75531
-5.53846
-9.85714
-8.99341
-7.64982
-6.4022
-10.337
-7.84176
-8.12967
-8.0337
-3.42711
-5.44249
-6.11429
-8.12967
-8.22564
-7.64982
-6.01832
-3.13919
-1.41172
-4.57875
-6.78608
-3.33114
0.411722
1.27546
-1.89158
0.12381
1.85128
0.411722
-0.835897
-2.75531
-2.08352
0.411722
-2.17949
-0.547985
-0.0681319
1.08352
-0.739927
0.21978
1.75531
-1.89158
-1.98755
-1.60366
-1.41172
1.27546
-3.13919
-1.50769
2.33114
1.37143
-0.931868
-0.356044
-2.56337
-2.17949
-0.164103
-3.90696
0.603663
0.603663
0.12381
1.75531
3.00293
4.25055
9.04908
7.89744
8.08938
7.0337
5.4022
8.28132
2.04322
3.57875
5.4022
6.07399
7.99341
11.2564
12.4081
14.9033
13.3678
11.6403
8.85714
4.92234
4.63443
1.17949
1.37143
1.85128
6.16996
12.2161
15.863
11.0645
7.60952
5.88205
5.59414
4.53846
3.00293
3.0989
4.63443
4.63443
3.00293
3.19487
2.04322
6.16996
7.51355
6.16996
2.52308
1.75531
4.25055
4.7304
6.64982
1.85128
0.411722
1.4674
-2.4674
-2.85128
-1.98755
10.2967
7.41758
-2.75531
-1.31575
-5.05861
1.17949
-2.75531
-3.33114
-1.02784
-1.21978
0.507692
0.315751
0.315751
0.21978
-0.260073
-2.17949
-4.57875
-3.04322
-1.60366
-0.356044
3.57875
1.27546
-0.835897
1.4674
-0.931868
1.37143
-1.02784
-3.61905
-0.643956
2.04322
0.987546
1.94725
1.37143
2.71502
2.04322
0.12381
-1.12381
-5.05861
-8.0337
-9.28132
-5.25055
-2.17949
-2.27546
0.987546
4.44249
0.891575
-0.164103
1.27546
3.29084
5.4022
7.22564
1.75531
-5.34652
-6.30623
-11.2007
-9.47326
-11.8725
-2.65934
-1.21978
1.37143
2.23516
-3.13919
-2.37143
-7.74579
-3.52308
-8.99341
-11.0088
-12.9282
-11.9685
-12.4484
-6.30623
-8.22564
-10.8168
-8.70549
-10.6249
-7.55385
-10.5289
-11.0088
-10.8168
-13.1201
-11.1048
-9.08938
-9.37729
-5.92234
-7.64982
-6.21026
-7.74579
-4.86667
-6.21026
-3.52308
-4.29084
-6.88205
-8.89744
-7.26593
-6.69011
-5.34652
-5.34652
-6.21026
-8.89744
-7.74579
-10.241
-10.7209
-13.7919
-11.5846
-9.08938
-6.59414
-6.30623
-8.89744
-8.60952
-8.70549
-7.16996
-11.1048
-13.8879
-11.4886
-6.97802
-4.57875
-3.23516
-5.05861
-7.07399
-4.57875
-7.55385
-8.41758
-5.05861
-4.29084
-0.260073
0.21978
-5.82637
-10.337
-10.5289
-8.41758
-2.27546
0.21978
4.05861
2.33114
-0.547985
-1.89158
-4.29084
-1.31575
-4.0989
-2.94725
-4.29084
-2.94725
-0.739927
-2.27546
-3.90696
-4.29084
-3.61905
-1.41172
-0.452015
1.94725
4.34652
-0.356044
-0.739927
1.65934
2.13919
2.23516
1.08352
3.00293
7.51355
8.37729
6.55385
8.18535
5.21026
2.04322
1.4674
-0.164103
-0.931868
2.23516
2.81099
4.25055
6.07399
5.59414
3.67473
3.00293
2.13919
0.987546
4.34652
2.61905
2.71502
3.57875
1.08352
3.00293
3.38681
0.603663
-2.85128
-3.42711
-0.452015
0.603663
-0.0681319
3.57875
0.21978
-1.21978
-4.00293
-1.02784
2.81099
1.85128
-2.75531
-3.42711
-7.74579
-9.85714
-7.26593
-7.3619
-4.19487
-1.21978
-0.356044
-3.04322
-4.57875
-3.23516
-3.33114
-2.65934
-0.260073
-0.164103
-2.27546
-4.7707
-4.00293
-0.260073
-1.31575
-1.02784
-4.19487
-4.38681
-0.356044
-1.12381
-3.61905
-2.17949
-5.92234
-3.90696
-2.08352
-2.94725
2.04322
1.37143
0.603663
3.67473
4.92234
5.11429
-1.50769
-2.4674
-3.90696
-4.86667
-3.52308
-6.97802
-6.21026
-6.01832
-4.48278
-4.48278
-2.37143
-1.50769
-2.56337
-6.49817
-8.70549
-10.241
-9.56923
-8.99341
-7.84176
-7.26593
-6.69011
-6.30623
-0.452015
1.08352
-0.0681319
-2.17949
-2.4674
2.81099
2.04322
-1.50769
-5.53846
-3.42711
-4.00293
-1.21978
1.27546
-2.27546
-2.56337
0.315751
-0.931868
-0.356044
1.08352
0.0278388
-1.69963
-6.01832
-5.34652
-1.89158
-2.37143
1.08352
0.699634
-4.19487
-3.52308
-2.4674
-2.4674
-2.75531
0.12381
1.85128
-2.17949
-4.29084
-3.13919
-3.90696
-2.37143
-3.61905
-3.42711
-2.4674
-0.739927
-1.50769
-1.50769
0.411722
1.75531
0.315751
-2.17949
2.61905
6.26593
8.28132
7.41758
7.51355
4.7304
6.55385
5.49817
7.99341
8.08938
11.4484
6.3619
3.19487
-0.260073
-0.547985
4.25055
10.1048
12.1201
14.2315
9.91282
5.78608
6.84176
3.86667
3.19487
3.48278
5.69011
7.32161
3.67473
5.4022
2.23516
0.411722
0.987546
0.411722
1.56337
2.04322
2.61905
2.13919
5.78608
5.49817
3.00293
3.38681
3.96264
1.56337
2.61905
2.71502
3.0989
5.88205
5.78608
4.25055
5.4022
8.18535
7.80147
8.18535
9.14505
6.3619
5.21026
6.3619
6.74579
4.82637
4.15458
4.63443
4.44249
5.21026
3.38681
1.56337
-1.89158
-4.48278
-4.67473
-3.13919
3.38681
13.6557
15.767
9.14505
5.97802
3.48278
3.86667
4.7304
2.13919
-1.7956
-4.86667
-6.88205
-7.26593
-5.15458
-7.16996
-7.64982
-7.74579
-6.59414
-6.88205
-8.99341
-6.21026
-7.84176
-4.29084
-5.44249
-4.29084
-4.0989
-4.57875
-6.49817
-4.48278
-3.23516
-5.63443
-4.29084
-4.67473
-4.0989
-1.31575
-3.90696
-3.52308
-7.16996
-9.08938
-10.5289
-9.08938
-6.78608
-2.94725
-1.7956
-2.08352
-2.65934
-0.0681319
0.315751
-0.835897
-2.08352
-2.08352
-2.37143
-1.89158
1.08352
2.33114
1.08352
-2.37143
-2.85128
-1.7956
-2.17949
-6.59414
-7.74579
-8.60952
-11.0088
-11.1048
-9.76117
-12.6403
-12.1604
-10.0491
-5.05861
-4.96264
-5.63443
-3.23516
-8.70549
-6.21026
-5.34652
-7.26593
-8.51355
-5.7304
-3.42711
-2.94725
0.0278388
3.67473
2.42711
0.0278388
0.699634
1.75531
5.97802
6.26593
5.88205
6.26593
8.76117
10.0088
7.0337
7.99341
9.14505
5.11429
5.69011
1.37143
-0.547985
-0.356044
-1.98755
-0.931868
-3.42711
-3.33114
-3.90696
0.0278388
-0.260073
2.71502
3.00293
2.13919
2.04322
-0.0681319
0.507692
-2.75531
-2.65934
-0.452015
-3.13919
-1.89158
-2.56337
-4.00293
-3.13919
0.603663
1.85128
1.17949
2.71502
4.44249
1.65934
-0.835897
-3.61905
-2.56337
-3.42711
-4.0989
-2.08352
-1.50769
5.30623
3.38681
1.85128
-2.4674
-4.96264
-4.19487
-4.7707
-2.75531
-4.7707
-2.4674
1.56337
4.25055
4.05861
2.42711
5.30623
0.699634
1.08352
1.4674
1.56337
3.67473
-0.835897
1.37143
-1.98755
1.17949
4.25055
1.56337
3.48278
1.4674
1.65934
1.56337
4.7304
7.12967
7.12967
7.51355
8.47326
12.0242
11.7363
13.3678
14.9993
12.2161
11.9282
5.49817
7.12967
6.74579
1.27546
2.23516
3.96264
5.11429
8.18535
8.28132
10.5846
7.70549
5.21026
3.57875
2.61905
4.25055
3.7707
6.74579
10.9685
10.4886
12.3121
8.56923
6.55385
8.56923
7.99341
3.67473
3.67473
3.38681
4.92234
0.891575
1.08352
-3.04322
-2.85128
-1.21978
-1.41172
-0.643956
-3.81099
-0.739927
-3.90696
-1.69963
-0.643956
-1.41172
0.12381
-0.260073
-0.452015
0.21978
-0.835897
-7.93773
-9.76117
-10.5289
-9.85714
-7.64982
-7.3619
-7.55385
-6.69011
-6.30623
-6.69011
-3.33114
-6.59414
-1.60366
-2.27546
-1.98755
-5.82637
-6.59414
-6.69011
-5.15458
-5.63443
-3.13919
-1.98755
0.603663
2.52308
0.507692
0.411722
-1.60366
-3.90696
-4.96264
-7.16996
-2.27546
-3.71502
-2.85128
-5.63443
-6.21026
-8.32161
-12.1604
-15.4234
-14.1758
-13.504
-9.56923
-6.49817
-4.67473
-4.67473
-5.82637
-10.6249
-12.4484
-14.0799
-12.8322
-12.6403
-11.5846
-9.95311
-6.88205
-4.29084
-7.84176
-11.8725
-14.6557
-13.6
-13.9839
-9.6652
-7.74579
-0.164103
3.19487
2.42711
-1.12381
-7.26593
-13.504
-19.7421
-21.0857
-18.3026
-12.5443
-6.01832
0.891575
1.94725
6.45788
-5.82637
-14.8476
-23.6769
-31.0667
-28.0916
-19.1663
-4.48278
10.1048
12.8879
12.6
9.43297
-0.0681319
-16.6711
-27.5158
-31.3546
-25.6923
-12.0645
0.795604
7.89744
8.56923
10.2007
9.14505
3.96264
-5.44249
-12.0645
-16.4791
-17.1509
-17.2469
-7.3619
-5.53846
-1.69963
0.411722
1.27546
3.57875
0.0278388
-1.12381
-8.22564
-6.69011
-6.59414
-2.85128
-1.31575
-0.931868
-2.27546
0.21978
-1.89158
-5.63443
-10.5289
-12.7363
-5.05861
-0.260073
2.42711
2.90696
0.891575
-0.643956
-3.42711
-7.64982
-8.0337
-6.78608
-4.29084
-0.739927
2.81099
5.30623
2.71502
-0.452015
-3.42711
-8.22564
-16.863
-17.5348
-14.7516
-9.95311
-0.931868
2.52308
3.67473
-0.739927
0.12381
-5.63443
-9.85714
-11.4886
-13.2161
-8.89744
-1.69963
5.88205
13.0799
14.9033
12.2161
10.6806
8.37729
3.48278
-2.85128
-4.48278
-2.94725
5.97802
10.6806
13.4637
14.9033
15.1912
11.8322
8.18535
2.04322
-3.90696
-7.07399
-1.69963
5.4022
13.6557
15.959
16.8227
14.5194
14.2315
8.08938
1.56337
-2.37143
-6.11429
-5.25055
2.61905
7.99341
14.3275
14.2315
13.9436
12.6
10.2967
2.13919
-6.11429
-8.89744
-8.0337
-1.41172
3.7707
10.6806
16.3429
15.767
10.2967
2.23516
-2.08352
-5.44249
-8.99341
-8.12967
-4.48278
4.63443
13.8476
13.2718
6.93773
3.7707
-2.56337
-7.74579
-11.6806
-6.21026
0.0278388
5.78608
8.76117
10.0088
7.60952
7.99341
7.99341
4.63443
1.08352
-0.164103
-4.00293
-1.60366
5.30623
9.52894
8.18535
6.16996
5.30623
2.81099
3.48278
0.891575
3.48278
-0.260073
1.4674
2.81099
3.67473
1.4674
3.29084
3.0989
1.17949
0.12381
-5.53846
-5.34652
-6.97802
-3.42711
-0.835897
2.04322
5.59414
8.08938
3.96264
4.25055
1.37143
-3.42711
-2.75531
-1.60366
0.21978
2.71502
3.96264
4.15458
1.56337
1.37143
-1.60366
-0.547985
-0.452015
2.90696
5.59414
5.01832
3.48278
5.30623
5.01832
5.78608
5.21026
3.38681
1.37143
0.891575
-3.90696
-2.37143
-3.81099
-0.739927
-1.69963
-3.04322
-1.60366
-1.31575
-7.55385
-2.75531
-3.81099
-5.05861
-7.64982
-2.27546
-6.21026
-8.41758
-5.44249
-6.21026
-8.70549
-9.6652
-9.28132
-6.11429
-6.4022
-0.835897
-3.90696
-3.13919
-4.29084
-3.13919
-4.86667
-4.57875
-6.97802
-4.57875
-4.0989
-0.260073
-1.31575
-0.835897
-0.739927
1.08352
-0.931868
0.411722
-3.13919
-0.931868
-5.7304
-1.41172
-0.452015
-2.56337
-4.19487
-2.94725
-2.94725
-2.08352
-0.835897
-4.00293
-5.63443
-4.57875
-2.94725
-3.52308
-3.71502
-3.42711
-0.260073
-0.547985
-2.65934
-4.38681
-5.25055
-3.90696
-1.21978
-4.19487
-4.48278
-4.7707
-3.52308
0.21978
-1.12381
2.33114
2.90696
2.42711
1.17949
2.42711
3.19487
3.19487
2.90696
-1.31575
-2.37143
-2.37143
-0.547985
-1.02784
-0.260073
2.23516
-3.52308
-4.00293
-2.56337
-0.547985
0.603663
2.42711
-2.65934
-1.41172
5.11429
12.3121
9.62491
6.74579
7.12967
6.3619
5.97802
6.74579
5.30623
4.25055
0.315751
-0.643956
0.12381
3.7707
1.17949
1.56337
2.52308
4.05861
3.19487
6.26593
6.16996
1.75531
0.795604
3.7707
3.29084
2.81099
0.987546
-2.65934
-2.94725
0.0278388
1.27546
1.37143
1.27546
-0.547985
-4.0989
0.315751
-0.739927
-1.7956
-0.931868
0.0278388
-2.75531
-3.13919
-2.75531
-1.60366
-2.94725
-2.56337
-2.65934
-1.89158
-1.69963
0.21978
-0.0681319
1.08352
-0.547985
-0.0681319
2.13919
-0.0681319
-1.69963
-2.17949
-3.71502
-2.08352
0.411722
-0.164103
0.12381
-0.260073
3.29084
2.52308
1.17949
2.81099
1.27546
0.507692
1.65934
1.37143
-0.835897
-1.21978
-2.56337
-1.60366
0.603663
7.60952
7.32161
8.37729
6.3619
1.27546
2.90696
4.53846
6.93773
3.38681
1.27546
-0.0681319
-0.164103
-0.356044
0.21978
1.27546
0.507692
1.65934
-1.12381
-0.164103
-2.08352
-2.17949
-6.4022
-4.00293
-6.11429
-1.98755
-0.739927
1.37143
0.987546
1.17949
2.52308
4.25055
0.12381
-0.835897
-1.12381
0.507692
2.33114
2.71502
0.891575
2.90696
1.4674
2.42711
2.23516
2.52308
1.17949
2.90696
2.04322
0.315751
-0.739927
1.27546
0.699634
-0.452015
-1.69963
0.411722
-0.643956
0.699634
1.27546
1.56337
-4.19487
-4.67473
-5.53846
-4.86667
-4.67473
-3.23516
-0.547985
0.315751
-2.37143
-4.00293
-1.41172
-4.00293
-4.57875
-9.95311
-9.95311
-2.75531
0.21978
2.13919
3.96264
4.53846
2.42711
4.15458
6.07399
7.12967
4.82637
6.3619
1.27546
3.7707
-0.643956
-1.60366
0.315751
-1.02784
-3.71502
-5.44249
-3.52308
0.987546
4.05861
7.60952
10.0088
6.55385
4.92234
2.90696
1.08352
-6.01832
-6.97802
-2.37143
3.29084
10.3927
8.85714
9.337
8.08938
8.18535
5.4022
0.699634
-0.0681319
-2.75531
1.17949
2.42711
3.57875
3.29084
0.603663
1.85128
0.699634
-5.05861
-4.57875
-5.53846
-5.15458
-5.05861
-1.98755
1.08352
1.85128
0.12381
-2.37143
-7.84176
-11.3927
-12.7363
-12.0645
-5.15458
-1.7956
-0.260073
1.94725
3.0989
-0.0681319
-2.27546
-4.29084
-2.75531
-2.56337
2.13919
4.63443
5.21026
4.44249
3.48278
2.71502
-1.69963
-5.34652
-7.64982
-6.88205
-4.96264
-1.21978
3.86667
7.51355
13.4637
13.0799
6.74579
-2.94725
-8.60952
-10.5289
-10.0491
-4.19487
-1.50769
4.92234
9.62491
11.3524
7.60952
2.42711
-4.38681
-8.80147
-9.85714
-6.69011
0.987546
3.38681
9.91282
9.81685
12.504
10.4886
3.00293
-3.33114
-7.74579
-8.51355
-7.26593
-0.164103
4.15458
9.81685
12.6
16.4388
12.8879
7.32161
-2.17949
-7.84176
-11.9685
-13.0242
-9.6652
-4.19487
0.603663
8.56923
11.0645
8.85714
3.48278
-0.547985
-2.27546
-9.37729
-14.0799
-13.3121
-12.7363
-7.3619
1.4674
9.52894
12.9839
12.504
7.60952
1.94725
-5.25055
-11.8725
-11.8725
-10.9128
-6.49817
-1.41172
2.61905
3.67473
5.11429
4.44249
-0.452015
-6.97802
-11.7766
-14.1758
-14.6557
-7.16996
-2.85128
8.18535
11.5443
9.337
3.7707
-3.33114
-9.56923
-14.6557
-12.7363
-11.1048
-5.63443
3.0989
5.78608
6.26593
5.30623
1.65934
-2.56337
-12.3524
-19.3582
-14.3678
-3.61905
6.3619
13.1758
14.8073
15.767
8.85714
-5.15458
-13.8879
-17.0549
-9.47326
-2.4674
9.62491
12.2161
15.3832
15.863
16.9187
13.3678
7.99341
2.90696
-0.164103
-5.05861
-5.15458
1.85128
8.08938
10.2007
10.3927
11.9282
10.5846
12.0242
9.43297
10.4886
11.5443
7.60952
5.21026
4.44249
5.69011
6.93773
7.12967
6.3619
7.41758
6.45788
5.4022
5.69011
4.63443
6.84176
5.11429
5.49817
6.74579
5.21026
4.34652
5.88205
5.49817
6.26593
5.78608
9.52894
9.52894
8.37729
9.62491
6.3619
8.47326
8.56923
11.3524
10.0088
9.14505
11.4484
12.0242
9.337
8.08938
6.26593
5.97802
2.52308
5.4022
8.18535
4.92234
2.04322
3.29084
2.90696
0.411722
-1.31575
-2.17949
-3.33114
-5.05861
-4.38681
-2.37143
-0.835897
-1.31575
-0.835897
0.21978
0.603663
1.75531
1.37143
2.04322
-0.739927
-1.50769
-4.0989
-0.356044
2.04322
5.59414
5.49817
6.93773
2.90696
0.12381
-3.33114
-0.547985
-1.12381
-3.13919
-1.7956
0.795604
2.52308
0.21978
3.86667
-1.02784
0.0278388
-0.260073
-0.739927
-0.739927
-0.356044
-1.41172
-2.4674
1.56337
-1.31575
-4.86667
-3.71502
-0.835897
-3.90696
-2.75531
-2.85128
-3.33114
-4.7707
-4.57875
-5.92234
-9.28132
-7.84176
-8.51355
-6.01832
-6.78608
-3.52308
-3.13919
-3.90696
-4.38681
-3.81099
-4.57875
-3.71502
-1.60366
-3.33114
-3.90696
-0.452015
3.19487
5.4022
1.56337
2.71502
2.23516
4.7304
6.84176
6.3619
7.99341
7.51355
4.82637
1.17949
-4.57875
-5.63443
-7.16996
-3.61905
-1.12381
-1.02784
-0.643956
-3.71502
3.19487
0.891575
-1.60366
-2.27546
-2.75531
-4.0989
-4.00293
-3.52308
-1.98755
-4.96264
-3.71502
-2.65934
-3.23516
0.12381
-0.931868
1.08352
-1.02784
-1.21978
-6.21026
-7.45788
-7.3619
-9.28132
-7.84176
-8.12967
-4.19487
-6.01832
-2.56337
-2.75531
-1.69963
-2.08352
-0.452015
-4.48278
-5.44249
-6.4022
-3.13919
-7.3619
-8.12967
-9.37729
-8.12967
-6.59414
-5.63443
-2.94725
-2.08352
-3.23516
-3.23516
-3.42711
-2.4674
-4.00293
2.90696
4.05861
6.3619
5.30623
1.75531
0.12381
0.315751
1.65934
-0.547985
-3.52308
-6.59414
-8.32161
-7.84176
-7.74579
-3.42711
-4.96264
-4.7707
-6.01832
-1.7956
-0.739927
-2.75531
-2.56337
-2.08352
-1.31575
-4.86667
-5.82637
-4.67473
-0.643956
1.56337
-2.56337
-4.7707
-5.34652
-3.42711
-0.547985
3.19487
1.4674
0.699634
2.23516
-1.21978
-0.547985
-2.27546
-3.04322
-2.85128
-4.19487
-4.0989
-2.08352
-5.53846
-8.70549
-11.2967
-8.99341
-9.08938
-8.70549
-10.9128
-10.9128
-10.5289
-12.2564
-11.2967
-13.4081
-9.56923
-6.49817
-5.44249
-6.4022
-4.96264
-3.61905
1.4674
3.19487
-1.60366
-3.52308
-5.63443
-3.90696
-3.52308
-1.50769
0.12381
1.37143
1.27546
-1.21978
1.75531
1.4674
1.65934
-2.56337
-2.27546
-4.86667
-7.55385
-5.44249
-4.19487
-3.71502
-9.28132
-7.93773
-11.1048
-7.07399
-3.42711
-0.356044
-2.94725
2.04322
2.90696
5.69011
5.30623
3.96264
1.75531
-2.4674
-2.94725
-1.7956
-4.0989
-5.44249
-4.96264
-2.56337
-1.50769
-2.08352
-0.835897
-3.23516
-2.65934
-4.67473
-3.04322
-0.931868
-5.15458
-1.31575
-0.356044
2.81099
4.34652
6.16996
7.32161
2.61905
-1.41172
-6.4022
-11.1048
-14.6557
-16.0952
-14.0799
-11.8725
-2.27546
-0.739927
-0.0681319
3.67473
4.63443
5.69011
4.92234
5.30623
-1.50769
-3.23516
-8.70549
-12.5443
-11.6806
-11.8725
-6.01832
-4.86667
-2.94725
2.33114
7.12967
8.85714
7.99341
5.01832
3.19487
2.04322
1.75531
1.94725
0.315751
1.08352
-0.164103
-1.60366
-4.38681
-3.42711
-0.835897
-0.260073
3.48278
5.69011
7.60952
6.84176
8.28132
6.16996
5.21026
5.4022
7.32161
9.337
7.60952
9.337
7.80147
8.95311
7.0337
6.3619
7.60952
8.56923
7.32161
5.69011
3.57875
2.23516
-2.37143
-7.84176
-2.94725
-2.27546
0.699634
-1.89158
0.795604
3.7707
2.33114
-0.164103
1.37143
3.57875
1.27546
1.37143
4.05861
1.37143
-0.547985
0.315751
5.59414
4.44249
3.67473
4.25055
-0.739927
-0.260073
-2.4674
-2.94725
-1.21978
-2.56337
-1.7956
-1.50769
2.90696
5.01832
3.29084
6.16996
5.49817
7.41758
9.43297
5.78608
6.84176
3.86667
5.78608
4.44249
5.4022
5.69011
5.4022
3.7707
1.17949
2.23516
-0.0681319
1.37143
3.38681
-0.356044
0.891575
1.37143
-0.164103
0.891575
0.795604
0.603663
3.57875
1.94725
3.86667
3.67473
2.81099
-0.0681319
-0.356044
0.987546
0.699634
-2.27546
-1.7956
-0.356044
-2.08352
1.08352
2.33114
1.27546
1.4674
0.987546
-3.13919
-2.85128
0.987546
0.0278388
3.86667
1.65934
1.17949
0.987546
3.19487
1.4674
0.21978
-0.452015
-1.41172
-4.57875
-9.18535
-7.55385
-7.3619
-8.0337
-6.4022
-7.84176
-6.78608
-7.64982
-5.25055
-7.84176
-9.6652
-9.28132
-6.49817
-7.84176
-9.08938
-8.80147
-8.70549
-6.49817
-9.76117
-8.89744
-8.22564
-10.9128
-10.0491
-11.1048
-11.1048
-11.9685
-8.0337
-8.80147
-8.80147
-7.55385
-7.3619
-5.7304
-4.67473
-4.57875
-3.04322
-4.67473
-3.61905
-1.69963
0.21978
-2.85128
-3.52308
-2.94725
-7.26593
-2.94725
-5.44249
-7.26593
-6.11429
-5.05861
-4.7707
-8.12967
-8.0337
-5.05861
1.17949
2.71502
-0.164103
-0.931868
-2.4674
-1.60366
-2.56337
-4.38681
-3.52308
-4.00293
-2.94725
-5.92234
-4.57875
-0.356044
2.71502
-0.452015
-2.75531
-3.90696
-0.835897
-1.50769
1.75531
0.0278388
-1.50769
-0.739927
-0.835897
-0.835897
-3.52308
-2.94725
-2.85128
-8.12967
-4.29084
-4.0989
-3.33114
-2.94725
0.891575
0.411722
3.86667
2.61905
4.82637
6.74579
8.76117
10.2967
7.80147
4.63443
4.53846
4.44249
4.44249
6.84176
6.3619
6.64982
7.70549
5.59414
3.86667
1.94725
1.08352
0.795604
3.48278
1.65934
2.52308
1.17949
1.08352
-0.260073
-0.547985
-0.164103
3.00293
4.82637
3.7707
2.61905
6.16996
0.795604
2.33114
3.48278
0.891575
0.507692
2.23516
-0.931868
3.48278
3.29084
-0.643956
-5.34652
-6.59414
-0.643956
6.26593
3.38681
6.93773
5.97802
7.0337
7.12967
5.97802
5.59414
3.57875
0.315751
2.61905
2.52308
6.84176
6.26593
5.78608
4.15458
3.00293
2.42711
2.04322
2.52308
0.795604
2.71502
2.71502
4.7304
5.4022
3.19487
4.05861
3.96264
4.63443
6.74579
5.78608
5.78608
4.44249
3.0989
2.81099
4.92234
6.55385
4.7304
4.63443
7.12967
5.30623
4.92234
3.38681
4.34652
2.04322
1.4674
1.37143
-3.71502
0.0278388
0.21978
0.507692
0.795604
1.85128
1.75531
2.42711
-0.164103
-2.17949
-7.3619
-6.21026
-5.34652
-3.71502
-2.65934
-3.33114
-4.38681
-2.37143
-2.75531
-6.21026
-6.59414
-6.30623
-3.13919
-4.48278
-2.75531
-1.41172
-1.69963
-1.12381
-3.71502
-1.7956
-1.89158
-2.27546
-3.33114
-1.98755
-1.41172
-2.75531
-3.33114
-4.67473
-2.85128
-2.85128
0.795604
0.0278388
-0.452015
-3.04322
-4.0989
-4.96264
-5.7304
-4.0989
-3.04322
-1.89158
-4.0989
-5.7304
-2.94725
-4.38681
-1.98755
-6.01832
-10.0491
-10.6249
-9.95311
-5.92234
-5.92234
-7.45788
-9.08938
-8.70549
-7.26593
-4.0989
0.0278388
3.48278
5.59414
0.891575
-0.835897
-0.739927
1.37143
4.25055
4.82637
4.05861
5.11429
1.56337
-1.7956
-1.02784
2.33114
5.21026
7.80147
8.6652
7.60952
6.55385
5.69011
5.49817
0.507692
1.4674
0.12381
2.90696
1.94725
2.81099
3.7707
0.0278388
2.33114
4.7304
3.0989
-2.65934
3.57875
3.86667
-0.164103
1.94725
1.94725
3.86667
5.97802
6.07399
2.23516
2.90696
3.86667
1.17949
3.29084
2.52308
3.48278
-0.164103
-0.931868
-3.81099
-1.89158
-1.41172
-2.65934
-0.547985
-0.835897
2.71502
2.71502
3.86667
1.94725
4.7304
4.15458
2.90696
4.44249
1.75531
1.37143
0.21978
-0.547985
-1.89158
-8.0337
-5.25055
-4.29084
-4.38681
-3.23516
-1.50769
-5.25055
-2.56337
-3.81099
-5.25055
-0.0681319
-3.04322
-0.356044
-2.56337
-2.94725
-2.56337
-4.96264
-1.89158
-1.98755
-1.12381
-1.69963
0.891575
-0.739927
1.17949
-0.835897
-3.81099
-6.88205
0.507692
-0.0681319
5.78608
4.05861
4.7304
1.56337
-3.23516
0.987546
-1.98755
-1.89158
0.891575
3.00293
-3.52308
3.00293
-4.19487
-1.69963
-0.452015
0.411722
2.52308
4.53846
7.41758
6.64982
8.56923
7.41758
5.01832
1.65934
-1.69963
1.65934
1.75531
0.507692
3.48278
2.90696
-0.739927
-1.98755
-3.61905
-0.931868
-5.53846
-1.21978
-2.27546
1.65934
-0.0681319
0.507692
-2.08352
-3.23516
-2.65934
-4.96264
-6.88205
-4.29084
-1.69963
-2.85128
-4.57875
-4.0989
-1.7956
-3.52308
0.603663
-0.739927
-3.61905
-1.41172
-0.931868
-2.17949
-1.69963
-0.260073
-0.739927
-3.52308
-3.23516
-1.50769
-1.02784
-2.56337
-2.75531
-5.05861
-5.7304
-4.19487
-11.1048
-11.2967
-11.4886
-12.4484
-7.45788
-5.92234
-3.71502
-3.42711
-0.643956
-3.71502
-1.89158
0.0278388
3.19487
-1.12381
-3.13919
-1.98755
0.987546
1.37143
0.315751
1.08352
2.90696
0.12381
0.315751
2.13919
1.37143
2.90696
3.00293
1.27546
3.29084
5.49817
4.15458
5.11429
5.97802
4.92234
2.52308
1.85128
-0.0681319
2.52308
-0.931868
-2.17949
-4.67473
-0.739927
2.81099
3.86667
3.7707
1.17949
-2.37143
-3.71502
-3.71502
0.507692
-2.27546
-3.52308
-4.67473
-6.97802
-2.75531
-2.94725
-5.92234
-1.02784
1.27546
0.987546
-1.60366
-0.547985
2.52308
1.94725
0.411722
-2.56337
-3.23516
-2.17949
-1.12381
-1.69963
-2.4674
-3.42711
-6.21026
-4.29084
-5.63443
-5.25055
-3.04322
-5.15458
-5.34652
-4.96264
-6.97802
-6.97802
-4.00293
-7.45788
-4.96264
-6.21026
-6.01832
-6.69011
-8.41758
-7.74579
-5.82637
-2.4674
-0.0681319
4.25055
7.89744
8.47326
8.47326
4.15458
2.42711
2.42711
4.44249
0.891575
5.01832
7.41758
6.3619
8.28132
3.86667
2.33114
-1.12381
-4.96264
-6.30623
-6.4022
-6.78608
-5.82637
-4.48278
-5.44249
-7.74579
-6.30623
-3.04322
-0.931868
-6.11429
-2.85128
-3.42711
-3.90696
-4.67473
-3.61905
-1.21978
-0.0681319
-0.260073
0.891575
1.75531
4.53846
2.42711
4.53846
3.96264
7.0337
3.29084
4.25055
6.93773
8.85714
7.51355
6.74579
5.69011
6.93773
10.0088
9.72088
9.81685
10.2967
11.9282
11.3524
7.99341
4.44249
3.00293
2.71502
2.33114
-0.835897
1.08352
-3.23516
-3.33114
-0.739927
0.0278388
-2.94725
-2.08352
0.315751
-0.643956
0.603663
-1.31575
-0.0681319
-1.50769
-1.31575
-1.21978
1.17949
3.38681
6.3619
5.49817
7.0337
3.86667
4.44249
5.88205
3.38681
4.82637
0.603663
-0.643956
-1.60366
-0.547985
-1.21978
2.23516
1.17949
0.891575
0.795604
-1.98755
0.411722
-3.71502
-3.52308
-5.92234
-8.0337
-6.59414
-3.81099
-6.69011
-8.32161
-6.21026
-6.21026
-8.41758
-5.92234
-8.70549
-6.01832
-9.28132
-5.44249
-3.52308
-4.57875
-3.71502
-3.42711
-4.7707
-9.08938
-7.55385
-2.85128
0.315751
1.4674
-3.23516
-2.75531
-3.52308
-3.81099
-8.22564
-5.53846
-5.34652
-3.71502
-0.0681319
-2.37143
1.75531
-5.7304
-9.76117
-5.82637
-5.44249
-2.56337
-4.19487
-4.19487
-2.65934
-2.4674
-6.97802
-7.16996
-4.29084
-4.48278
-4.57875
-3.61905
-2.17949
-4.29084
-5.05861
-3.13919
2.23516
-1.60366
-2.27546
-1.7956
-1.31575
-1.50769
-0.835897
-0.835897
-2.56337
-1.98755
-2.65934
-0.452015
-3.23516
-7.26593
-5.92234
-6.78608
-1.31575
0.987546
4.15458
0.891575
-1.12381
-0.164103
-0.643956
-3.13919
-6.01832
-0.835897
0.21978
2.71502
4.63443
4.05861
5.97802
1.4674
2.23516
1.4674
2.42711
4.63443
2.23516
4.15458
0.795604
-5.53846
-6.21026
-5.82637
-7.84176
-5.34652
-6.21026
-7.55385
-3.71502
-4.00293
-3.81099
-2.75531
-1.7956
-1.21978
-5.44249
-5.82637
-6.49817
-4.67473
-3.71502
-2.85128
-1.60366
-1.50769
-4.96264
-2.37143
-1.60366
-3.23516
-1.41172
-1.7956
1.08352
-0.931868
1.56337
0.21978
-4.57875
-2.4674
2.13919
3.57875
6.16996
5.88205
5.21026
3.19487
3.86667
-0.835897
-0.931868
1.75531
1.65934
2.90696
2.81099
2.81099
5.69011
4.82637
1.65934
3.19487
3.48278
3.7707
3.38681
5.59414
7.22564
5.11429
10.3927
17.1106
13.6557
13.3678
11.1604
7.80147
8.18535
10.7766
10.3927
10.1048
7.70549
7.0337
7.0337
2.81099
1.4674
2.81099
3.86667
7.60952
8.08938
5.88205
3.67473
1.75531
2.13919
0.795604
5.01832
2.90696
4.53846
4.25055
5.78608
5.69011
1.85128
-0.164103
-1.12381
0.699634
2.13919
0.699634
1.4674
-0.835897
-0.0681319
0.507692
-0.452015
1.75531
0.699634
3.0989
-1.41172
-0.739927
2.23516
1.27546
0.12381
-1.12381
2.04322
3.38681
3.86667
3.57875
4.25055
5.49817
2.71502
0.603663
-1.50769
-4.57875
-5.34652
-4.0989
-4.38681
-6.69011
-5.15458
-6.4022
-5.25055
-2.94725
-1.02784
0.21978
-1.31575
-1.21978
-0.452015
-0.452015
0.987546
0.411722
2.90696
0.12381
0.795604
2.71502
0.987546
3.96264
1.85128
1.65934
1.37143
1.4674
3.86667
2.52308
4.7304
4.34652
3.38681
3.67473
1.4674
5.30623
5.59414
2.52308
3.96264
5.01832
6.93773
4.63443
0.21978
0.891575
1.27546
3.29084
3.29084
3.67473
0.0278388
-1.31575
-2.75531
-3.61905
-0.452015
-1.60366
-2.17949
0.987546
-0.835897
0.315751
-1.60366
-1.7956
-4.0989
-1.31575
-1.98755
-2.85128
-4.67473
-7.16996
-4.57875
-6.4022
-5.44249
-2.08352
-0.547985
-0.931868
-0.452015
1.94725
-0.452015
-2.56337
-0.260073
-0.643956
1.27546
4.34652
6.16996
7.70549
5.30623
2.81099
0.12381
1.08352
-3.33114
-9.08938
-10.337
-8.32161
-5.82637
-6.21026
-5.63443
-8.51355
-5.7304
-2.37143
-2.56337
-4.00293
-1.60366
-0.643956
-0.931868
-2.37143
-3.33114
-2.94725
-3.23516
-2.75531
-2.17949
-0.452015
-4.96264
-3.61905
-5.05861
-2.85128
-0.452015
1.37143
0.12381
3.38681
3.67473
1.27546
0.699634
-3.04322
1.85128
-0.356044
-1.41172
-2.75531
-5.25055
-2.75531
-3.04322
1.75531
2.61905
2.33114
1.37143
-0.835897
-0.931868
-2.4674
-3.04322
-2.75531
-4.7707
-3.71502
-4.48278
-4.57875
-1.7956
-4.29084
-6.97802
-6.59414
-3.23516
-1.02784
-1.21978
0.12381
-2.4674
0.0278388
-0.260073
-3.04322
-0.835897
0.603663
-0.739927
-2.08352
0.891575
-4.19487
-4.96264
-4.48278
-3.33114
-2.56337
-3.52308
1.94725
1.4674
2.04322
1.4674
0.699634
0.12381
-3.13919
-0.164103
-0.835897
0.507692
-1.50769
-0.164103
0.603663
-1.89158
-0.931868
-1.31575
-2.4674
-1.7956
0.21978
-0.739927
-0.356044
-5.63443
-4.00293
-3.90696
-7.74579
-4.96264
-5.34652
-4.86667
-7.93773
-4.96264
-5.92234
-5.05861
-3.33114
-0.643956
0.12381
2.42711
0.411722
0.411722
-3.71502
2.33114
-0.835897
-3.52308
-7.93773
-8.51355
-8.70549
-11.2967
-13.504
-11.6806
-4.96264
-5.15458
-4.57875
-1.50769
-2.17949
-3.52308
-1.50769
-4.96264
-6.49817
-3.90696
-3.90696
-2.27546
-3.42711
-4.38681
-1.69963
-5.82637
-4.0989
-0.643956
-0.452015
2.61905
2.61905
5.11429
5.97802
1.08352
0.21978
-1.89158
-3.52308
-1.69963
-3.04322
0.891575
0.21978
1.37143
3.48278
-0.0681319
-3.90696
-4.29084
-2.56337
-0.835897
-2.4674
-6.88205
-3.81099
-1.31575
-2.4674
-2.37143
-4.0989
-4.57875
-3.04322
-0.452015
1.08352
0.411722
3.96264
-1.60366
