4.34652
2.04322
-1.50769
-3.23516
-1.02784
-0.835897
-2.37143
7.51355
9.24103
14.0396
9.62491
-0.260073
-3.52308
-10.6249
-7.64982
2.42711
6.07399
8.56923
16.6308
13.6557
14.3275
18.7421
13.7516
12.0242
3.48278
4.63443
11.7363
10.2967
11.8322
8.76117
8.85714
9.52894
10.0088
8.37729
11.4484
9.72088
11.5443
7.12967
12.9839
6.74579
6.45788
5.69011
11.3524
6.3619
3.57875
5.88205
9.24103
5.4022
8.18535
-0.931868
-0.931868
-0.164103
-2.75531
0.891575
2.04322
3.38681
6.84176
6.16996
3.86667
2.71502
-4.0989
-3.71502
5.78608
1.85128
5.11429
11.4484
10.9685
9.24103
9.62491
12.9839
8.6652
13.6557
11.0645
18.1663
17.6864
21.1414
17.8784
15.6711
15.2872
10.9685
13.3678
14.3275
13.3678
12.4081
7.89744
8.18535
9.62491
11.7363
14.2315
12.504
13.9436
16.0549
20.0857
20.0857
21.9092
18.1663
19.7018
21.0454
21.3333
27.3795
27.9553
29.6828
23.2527
18.2623
17.7824
16.8227
15.2872
17.7824
18.2623
17.1106
19.8938
16.6308
14.9993
12.9839
13.6557
15.3832
13.5597
14.0396
12.8879
13.8476
10.1048
9.62491
14.2315
10.2007
8.37729
7.41758
5.49817
5.49817
11.2564
7.80147
14.9033
16.7267
2.13919
13.9436
18.4542
21.7172
19.5099
21.7172
16.0549
7.12967
2.13919
3.19487
7.70549
11.9282
18.3582
15.5751
10.5846
12.4081
10.2007
8.18535
11.5443
14.8073
20.8535
18.0703
18.8381
10.0088
8.6652
9.337
6.16996
5.01832
4.44249
4.92234
4.53846
6.26593
8.85714
9.24103
6.64982
4.53846
5.4022
6.16996
2.61905
5.11429
1.65934
7.32161
13.7516
12.8879
11.4484
13.8476
13.4637
14.9033
12.1201
11.2564
17.8784
14.9993
14.7114
9.72088
10.2007
9.72088
13.8476
6.64982
8.85714
6.26593
8.85714
7.12967
5.01832
3.67473
6.07399
9.337
9.81685
11.3524
10.1048
9.62491
8.85714
5.78608
8.56923
7.12967
4.15458
1.85128
1.85128
-0.260073
2.52308
-1.69963
-0.356044
-1.12381
-4.67473
-2.27546
-2.37143
-4.57875
-3.61905
-1.98755
-3.23516
-4.86667
-3.81099
-4.67473
-5.92234
-3.23516
-7.3619
-3.52308
-5.63443
-7.26593
-10.0491
-10.8168
-10.8168
-10.8168
-13.504
-12.2564
-12.8322
-10.433
-12.5443
-13.6
-10.9128
-11.7766
-10.1451
-8.41758
-10.241
-12.9282
-12.5443
-12.7363
-14.4637
-12.9282
-13.6
-14.4637
-16.5751
-20.03
-17.8227
-13.9839
-18.6864
-21.1817
-24.1568
-22.6212
-23.485
-20.4139
-15.8073
-19.2623
-17.7267
-18.2066
-14.4637
-12.6403
-12.6403
-11.1048
-11.8725
-12.9282
-13.1201
-13.1201
-13.7919
-11.2967
-9.08938
-7.45788
-7.45788
-6.01832
-6.4022
0.411722
1.56337
0.603663
-0.356044
-1.41172
-2.08352
-7.07399
-6.97802
-8.0337
-5.25055
-6.30623
-7.07399
-6.78608
-6.49817
-4.38681
-1.50769
-3.81099
-4.38681
-9.76117
-10.337
-10.7209
-8.51355
-12.5443
-13.504
-10.1451
-9.85714
-15.2315
-13.4081
-12.7363
-9.85714
-11.2007
-15.1355
-15.8073
-10.0491
-12.1604
-9.47326
-7.45788
-9.56923
-10.8168
-14.9436
-14.8476
-17.3429
-18.5905
-18.9744
-18.3026
-17.0549
-16.3832
-16.767
-22.3333
-29.0513
-28.6674
-27.9956
-22.1414
-19.6462
-16.4791
-15.8073
-12.8322
-13.1201
-12.9282
-18.4945
-19.3582
-17.0549
-16.3832
-13.1201
-10.337
-11.8725
-9.47326
-9.6652
-6.78608
-8.32161
-4.29084
-2.4674
-2.27546
-0.931868
6.84176
9.04908
6.84176
6.84176
8.56923
8.37729
7.32161
8.6652
2.61905
5.30623
8.76117
13.2718
12.504
10.9685
14.1355
13.9436
14.9993
13.8476
16.8227
20.3736
16.8227
12.7919
14.6154
10.1048
8.18535
11.3524
12.504
13.1758
10.3927
13.3678
7.70549
7.0337
3.0989
7.0337
5.59414
3.19487
7.22564
1.08352
5.97802
-2.17949
1.56337
-2.27546
-4.38681
-4.0989
-4.48278
0.411722
-1.7956
-4.00293
-1.41172
-1.21978
-0.835897
-2.56337
-3.33114
-2.85128
-3.33114
-0.547985
-0.452015
-0.931868
-4.48278
-1.89158
-2.65934
-6.21026
-1.7956
-2.56337
-4.96264
-0.739927
-7.64982
-6.59414
-7.84176
-8.32161
-8.80147
-8.32161
-7.16996
-10.241
-8.22564
-8.99341
-8.0337
-5.92234
-7.55385
-12.2564
-13.8879
-11.2967
-10.5289
-12.0645
-15.9993
-14.8476
-9.56923
-9.76117
-2.4674
1.94725
-3.42711
-0.931868
-4.0989
-0.643956
1.85128
-1.50769
-0.356044
6.74579
0.987546
-0.739927
3.19487
-2.65934
1.4674
4.15458
0.987546
0.987546
0.795604
-1.21978
2.04322
3.00293
3.57875
3.96264
2.71502
0.411722
1.27546
1.4674
-2.4674
1.08352
-0.260073
-4.00293
-2.94725
-4.38681
-7.16996
-5.82637
-5.05861
-6.59414
-9.47326
-7.93773
-9.28132
-8.32161
-9.08938
-10.6249
-10.241
-6.59414
-5.92234
-6.01832
-6.21026
-8.32161
-3.71502
-4.00293
-5.44249
-8.51355
-9.56923
-8.51355
-8.70549
-12.2564
-13.696
-10.1451
-9.76117
-12.0645
-11.3927
-7.84176
-6.59414
-4.96264
-7.26593
-7.55385
-7.84176
-7.74579
-8.0337
-6.30623
-8.22564
-6.78608
-7.64982
-2.85128
-2.37143
-2.56337
-0.164103
1.37143
5.01832
0.507692
-1.12381
-3.13919
-2.4674
-5.05861
-1.69963
-3.71502
-5.15458
-3.81099
-3.61905
-1.69963
-3.23516
-1.7956
-5.25055
-3.33114
-1.7956
-1.98755
1.94725
1.37143
-0.452015
2.23516
7.41758
7.32161
0.987546
1.27546
2.52308
1.85128
3.7707
3.29084
1.17949
1.37143
1.56337
2.81099
-0.452015
-2.37143
-0.547985
-3.90696
-1.21978
-1.02784
-0.260073
-0.260073
-1.69963
-0.835897
-2.85128
-0.0681319
0.315751
-1.69963
-5.34652
3.00293
-8.80147
-7.07399
-7.84176
-6.97802
-3.42711
-3.71502
-4.7707
-6.49817
0.411722
0.891575
-1.21978
-6.49817
2.04322
2.33114
4.05861
6.26593
5.97802
8.28132
5.88205
6.26593
5.11429
4.92234
6.74579
8.28132
9.337
6.3619
11.3524
9.43297
8.56923
5.59414
3.38681
5.4022
7.89744
9.04908
6.93773
3.96264
6.3619
5.97802
6.07399
4.05861
-0.835897
6.16996
2.90696
1.37143
0.315751
-4.7707
-1.02784
-1.69963
-1.69963
-1.7956
-2.08352
-3.71502
-1.60366
-5.53846
-1.12381
-3.33114
-0.452015
0.795604
3.48278
1.08352
0.987546
0.12381
2.71502
4.7304
8.85714
5.30623
5.30623
5.88205
3.0989
4.63443
1.75531
2.33114
4.82637
4.53846
6.26593
6.45788
3.96264
5.4022
4.05861
4.34652
5.30623
4.92234
2.42711
1.65934
2.13919
3.00293
1.94725
3.57875
2.90696
4.7304
0.0278388
5.97802
3.7707
14.2315
-0.643956
5.30623
1.37143
5.21026
10.5846
14.9033
12.8879
10.2007
10.3927
10.2007
14.7114
17.9744
14.9993
10.2967
6.3619
6.07399
5.21026
6.45788
6.07399
7.89744
9.337
10.8725
14.1355
19.8938
6.3619
11.1604
11.8322
12.7919
9.72088
10.6806
8.56923
10.0088
9.52894
8.85714
8.76117
7.41758
6.07399
4.15458
3.38681
0.12381
1.17949
0.0278388
-0.739927
-1.98755
-1.41172
-2.4674
-1.50769
-1.02784
1.27546
-0.164103
0.12381
2.04322
4.05861
0.987546
-5.25055
1.65934
-12.3524
-4.86667
-5.63443
-4.0989
-2.56337
-1.7956
-1.60366
-5.7304
-6.4022
-11.8725
-9.37729
-9.37729
-6.4022
-8.80147
-8.80147
-8.22564
-8.41758
-8.89744
-8.80147
-6.59414
-3.23516
-0.739927
1.37143
-1.02784
-1.02784
-4.7707
-3.71502
-3.33114
-0.452015
-1.7956
-5.7304
-3.23516
-5.82637
-9.18535
-6.88205
-6.21026
-4.0989
-3.23516
-3.61905
-2.94725
-4.00293
-1.89158
-3.61905
-2.08352
-4.00293
-3.81099
-1.41172
-4.57875
-6.78608
-1.12381
0.21978
2.13919
3.86667
4.53846
4.05861
2.61905
0.987546
1.85128
-0.0681319
-1.02784
-5.05861
-5.34652
-2.27546
-0.452015
-2.56337
0.0278388
-7.07399
-3.13919
-6.21026
-2.17949
0.891575
-2.08352
-3.71502
-6.01832
-8.80147
-7.74579
-7.55385
-11.2967
-9.76117
-11.2967
-10.1451
-8.89744
-8.80147
-5.92234
-6.01832
-7.45788
-2.27546
-5.63443
-6.11429
-8.0337
-8.0337
-5.44249
-6.4022
-4.0989
-4.00293
-4.57875
-4.29084
-1.41172
-4.48278
-6.01832
-8.89744
0.507692
-9.47326
-6.49817
-11.1048
-6.21026
-5.15458
-5.53846
-6.59414
-6.21026
-4.00293
-1.31575
-0.739927
-0.0681319
1.94725
-1.89158
-0.547985
-6.69011
-3.33114
2.90696
4.53846
10.2007
2.52308
3.48278
6.84176
3.38681
4.53846
-3.33114
-0.547985
-4.57875
-2.65934
-0.643956
-1.89158
1.75531
2.52308
-0.547985
-4.38681
-8.51355
1.17949
-1.7956
-5.15458
-1.98755
-5.63443
-5.63443
-5.92234
-5.44249
-1.41172
-1.31575
-0.835897
2.04322
1.37143
5.4022
4.44249
3.0989
5.97802
5.30623
5.11429
4.44249
6.3619
8.47326
9.52894
7.89744
8.37729
7.22564
6.74579
8.37729
7.0337
9.43297
7.80147
7.70549
9.14505
11.5443
10.5846
7.80147
5.4022
2.13919
6.74579
1.56337
3.38681
-1.89158
-0.164103
-1.41172
2.71502
2.52308
4.34652
2.33114
2.81099
4.25055
1.94725
1.94725
0.411722
-1.69963
-4.29084
-4.0989
-0.931868
-0.260073
-3.23516
-0.260073
-1.89158
1.17949
-0.260073
1.85128
-0.164103
5.4022
5.88205
4.53846
2.90696
0.0278388
2.23516
2.42711
4.63443
4.44249
5.4022
4.05861
2.33114
5.97802
3.86667
5.01832
2.90696
1.85128
1.17949
3.48278
7.41758
-0.0681319
4.44249
3.48278
4.44249
1.37143
-0.164103
-0.931868
-0.547985
-0.164103
-1.89158
-0.931868
3.57875
-4.86667
-3.61905
-0.260073
-4.7707
-4.0989
-6.78608
-2.85128
-4.67473
-1.89158
-1.02784
-0.452015
0.699634
-0.643956
-1.7956
-4.67473
-3.33114
-1.89158
-1.12381
-1.89158
-1.50769
-1.98755
0.795604
4.63443
-1.50769
-3.33114
-3.52308
-2.17949
0.12381
-2.17949
-1.60366
-4.96264
-4.67473
-4.38681
-1.7956
-8.22564
-2.85128
-3.81099
-2.4674
-3.13919
-0.0681319
-5.15458
-5.34652
-5.05861
0.507692
-0.835897
0.315751
-3.13919
-4.48278
-4.7707
-5.34652
-2.94725
-2.94725
0.21978
-0.643956
1.08352
-1.69963
-1.50769
-4.00293
-2.56337
-3.23516
-3.04322
-5.92234
-7.16996
0.12381
-5.63443
-3.33114
-3.81099
-1.98755
-2.65934
-0.452015
-4.00293
-5.92234
-6.01832
-7.45788
-8.80147
-8.41758
-6.21026
-8.22564
-7.26593
-7.64982
-5.63443
-9.28132
-6.11429
-9.56923
-4.48278
-3.42711
-1.50769
-0.0681319
-3.04322
-3.90696
-4.0989
-2.4674
-0.643956
-0.164103
-1.69963
-3.71502
-3.13919
-3.90696
-4.96264
-7.74579
-5.25055
-1.60366
-7.84176
-5.7304
-5.25055
-3.42711
-1.69963
-1.02784
1.85128
2.61905
1.4674
0.891575
1.4674
0.795604
1.85128
1.65934
2.61905
1.94725
0.21978
0.603663
-2.4674
1.85128
2.04322
0.21978
-5.63443
-5.92234
-4.7707
-5.25055
-4.00293
-1.98755
0.21978
0.699634
0.315751
2.90696
4.7304
2.52308
5.11429
5.4022
5.30623
1.56337
4.63443
5.49817
2.42711
5.97802
7.22564
5.97802
9.91282
10.1048
8.95311
3.48278
-3.23516
3.7707
0.315751
2.61905
0.12381
4.44249
4.7304
0.891575
4.44249
3.57875
3.67473
-1.31575
0.21978
-0.931868
2.23516
-0.739927
0.891575
-0.0681319
1.37143
2.23516
4.15458
2.52308
4.05861
0.411722
1.37143
-0.643956
-0.452015
0.603663
2.42711
6.16996
5.21026
5.21026
9.91282
5.11429
6.26593
5.59414
3.86667
0.891575
3.19487
5.88205
6.26593
8.76117
4.25055
5.88205
3.57875
3.96264
0.699634
3.38681
4.7304
0.795604
5.01832
1.37143
2.61905
0.507692
-3.42711
-2.94725
-3.04322
-3.13919
-1.21978
3.57875
-0.356044
-1.31575
-0.835897
-0.452015
2.42711
2.13919
-0.0681319
-1.02784
-3.81099
-0.164103
0.699634
4.25055
4.82637
0.699634
3.96264
2.71502
5.4022
3.19487
2.23516
1.94725
1.75531
-0.452015
1.17949
1.85128
3.48278
5.21026
1.17949
5.49817
4.92234
4.82637
8.08938
4.92234
10.1048
11.3524
8.76117
8.37729
6.55385
6.93773
3.0989
-0.547985
-2.85128
-0.643956
2.23516
5.59414
0.987546
-1.21978
-4.38681
-2.94725
-4.29084
-6.11429
-8.89744
-3.33114
-4.96264
-4.67473
-4.00293
-0.739927
-3.42711
-6.97802
-4.38681
-1.12381
1.65934
-1.7956
-1.7956
-0.164103
1.75531
-3.42711
-3.52308
-2.65934
-6.59414
-7.26593
-11.9685
-13.2161
-13.9839
-12.4484
-11.5846
-7.16996
-11.8725
-4.7707
-6.21026
-6.88205
-3.52308
-7.45788
-4.0989
-7.45788
-9.08938
-10.337
-10.9128
-8.89744
-8.12967
-5.63443
-4.38681
-3.61905
-2.27546
-0.260073
-2.4674
-3.33114
-1.69963
-0.835897
0.315751
-0.547985
-1.41172
0.0278388
-0.356044
0.891575
3.19487
1.94725
1.4674
5.59414
2.61905
6.55385
-0.835897
-1.50769
1.08352
-2.37143
-3.04322
-1.69963
-1.31575
-0.356044
-0.452015
1.4674
2.23516
1.65934
4.05861
3.38681
6.74579
6.26593
7.70549
7.0337
14.9033
11.4484
11.8322
7.22564
6.07399
5.30623
6.07399
3.86667
0.603663
3.48278
0.315751
-2.17949
-1.89158
-2.56337
-3.33114
1.56337
-2.08352
3.48278
1.85128
-1.98755
1.85128
2.71502
2.61905
-0.164103
-0.739927
-0.0681319
2.61905
10.1048
6.55385
3.19487
3.0989
5.59414
3.48278
0.699634
2.23516
-1.21978
2.52308
0.987546
0.603663
1.4674
2.52308
3.57875
6.74579
3.38681
4.92234
3.00293
7.12967
3.19487
3.48278
8.08938
11.0645
9.81685
3.86667
4.34652
-2.08352
-0.260073
2.13919
3.0989
1.56337
0.699634
1.37143
2.52308
2.42711
0.507692
-1.21978
1.37143
-1.31575
-1.31575
-0.0681319
-0.452015
1.37143
1.27546
1.27546
-0.643956
-5.92234
0.315751
2.42711
3.38681
0.411722
0.987546
1.75531
4.53846
6.45788
2.52308
5.49817
9.43297
5.78608
-3.90696
-3.52308
-8.22564
-5.44249
-4.00293
-5.05861
-5.92234
-5.63443
-1.98755
-5.05861
-2.94725
-3.13919
-2.94725
0.507692
1.37143
-0.547985
0.891575
-1.98755
-3.61905
-3.04322
-3.23516
-3.33114
0.12381
-4.48278
-1.31575
0.411722
0.699634
0.411722
-6.30623
-5.92234
-4.48278
-7.64982
-9.18535
-8.51355
-6.97802
-5.15458
-7.26593
-5.34652
-8.51355
-4.67473
-2.85128
-3.61905
-4.0989
-4.29084
-9.37729
-10.0491
-6.11429
-4.38681
1.17949
-3.61905
-10.0491
-11.4886
-14.0799
-12.8322
-8.80147
-11.8725
-10.7209
-12.3524
-10.9128
-5.25055
-15.0396
-16.2872
2.04322
-14.5597
-3.42711
-2.75531
-11.2007
-12.1604
-16.1912
-11.4886
-7.64982
-5.63443
9.04908
-19.6462
-9.95311
-10.5289
-13.6
-16.1912
-14.2718
-9.76117
0.411722
0.507692
7.60952
2.52308
-0.0681319
-2.85128
-8.70549
-8.22564
-9.56923
-8.51355
-6.78608
-0.835897
0.891575
1.56337
8.18535
3.96264
0.411722
-2.37143
-1.31575
-2.08352
-0.643956
6.55385
4.63443
17.1106
2.23516
-1.12381
0.891575
-6.69011
-10.433
-7.16996
-0.452015
3.86667
10.5846
11.2564
12.4081
8.76117
5.49817
12.2161
3.57875
-2.08352
-1.21978
-1.02784
-0.643956
5.49817
8.08938
10.3927
9.43297
8.47326
9.52894
7.32161
5.21026
7.41758
5.01832
5.49817
-5.44249
2.42711
-5.44249
-3.61905
0.795604
3.0989
2.23516
0.699634
2.23516
0.411722
-6.88205
-3.13919
-4.38681
-3.33114
-8.70549
-5.92234
-4.67473
-3.71502
-3.52308
-4.48278
1.08352
-0.739927
3.0989
2.23516
0.699634
-2.4674
-1.7956
3.29084
3.67473
-10.7209
-0.931868
-4.29084
0.21978
-3.42711
-5.7304
-5.7304
-5.34652
-3.90696
3.19487
3.96264
4.44249
6.74579
-0.547985
-5.44249
0.603663
1.94725
0.21978
6.45788
7.0337
4.44249
1.94725
4.34652
5.01832
0.795604
3.7707
9.43297
8.95311
13.4637
12.8879
9.24103
0.795604
-6.01832
-2.94725
1.4674
7.22564
12.696
14.9033
12.1201
8.76117
5.21026
-4.48278
-9.37729
-7.3619
-0.547985
7.51355
23.3487
30.3546
29.4908
23.7326
8.6652
-7.74579
-15.0396
-14.7516
-7.3619
0.12381
15.5751
27.5714
29.2989
26.7077
16.6308
5.21026
-9.37729
-17.4388
-19.9341
-13.9839
-2.85128
7.89744
10.7766
19.03
23.4447
11.4484
-1.02784
-12.0645
-12.3524
0.603663
16.4388
24.8842
33.1377
37.6484
22.1011
8.95311
9.52894
-5.7304
-7.84176
-1.60366
6.74579
14.9993
22.7729
22.1011
28.3392
26.7077
26.3238
27.4755
20.3736
11.3524
8.08938
4.05861
4.92234
7.22564
7.32161
12.8879
16.3429
21.4293
20.5656
16.0549
15.767
17.4945
19.7978
22.6769
20.0857
16.4388
18.3582
13.0799
8.28132
7.41758
1.17949
1.56337
12.6
20.1817
16.0549
18.7421
0.315751
15.5751
11.4484
5.59414
9.24103
2.42711
3.7707
3.96264
7.51355
7.41758
13.0799
14.7114
16.8227
18.2623
14.8073
11.8322
12.1201
10.2007
13.6557
5.11429
7.60952
0.0278388
0.987546
1.27546
0.315751
0.795604
1.65934
2.13919
4.92234
2.33114
1.4674
-7.93773
-8.80147
-7.64982
-7.16996
-3.81099
-9.95311
-7.07399
-4.57875
-7.16996
-0.452015
1.85128
0.12381
-3.04322
-6.01832
-6.30623
-10.0491
-8.32161
-10.9128
-11.2007
-10.6249
-11.0088
-11.2007
-10.8168
-6.78608
-9.6652
-6.11429
-6.01832
-9.56923
-10.6249
-9.56923
-11.9685
-15.0396
-11.6806
-15.6154
-17.0549
-11.8725
-10.6249
-16.1912
-18.3026
-18.3026
-13.9839
-20.4139
-21.7575
-22.0454
-22.4293
-24.2527
-26.556
-27.2278
-24.9245
-23.1971
-19.5502
-21.7575
-17.7267
-20.6059
-18.8784
-20.222
-20.9897
-20.6059
-22.3333
-19.3582
-19.9341
-18.3985
-16.863
-15.9033
-14.2718
-18.2066
-20.7978
-18.7824
-18.3026
-17.6308
-20.3179
-20.03
-19.1663
-21.6615
-21.7575
-25.4044
-22.1414
-20.3179
-19.9341
-20.3179
-18.3985
-21.1817
-17.7267
-15.6154
-15.0396
-13.7919
-11.4886
-12.6403
-13.1201
-14.9436
-16.767
-15.3275
-15.0396
-13.8879
-12.4484
-11.2967
-11.4886
-14.9436
-18.7824
-16.2872
-18.5905
-17.9187
-17.5348
-16.863
-10.241
-12.9282
-14.0799
-11.6806
-11.2967
-13.6
-10.337
-10.337
-13.504
-13.0242
-14.4637
-13.9839
-9.95311
-11.3927
-10.8168
-8.89744
-4.48278
-6.01832
-7.93773
-9.37729
-6.59414
-5.7304
-5.44249
-6.88205
-4.48278
-5.63443
-5.92234
-11.2007
-8.51355
-6.01832
-4.00293
-2.75531
-4.0989
-1.31575
-2.75531
-4.00293
-7.45788
-3.13919
4.34652
3.38681
7.51355
1.56337
-2.94725
-2.4674
2.42711
4.53846
5.21026
5.78608
4.34652
3.00293
5.49817
3.19487
3.38681
0.603663
5.88205
4.7304
9.337
14.2315
13.0799
14.1355
14.1355
16.9187
12.1201
14.2315
13.4637
13.9436
13.5597
18.1663
18.2623
15.4791
14.4234
15.2872
18.1663
16.2469
15.5751
13.9436
10.5846
14.0396
16.5348
18.6462
21.7172
21.3333
19.5099
18.4542
19.7978
19.126
20.8535
20.1817
19.03
14.1355
13.0799
13.6557
11.2564
13.7516
14.6154
17.3026
18.1663
20.1817
19.9897
20.4696
17.4945
12.3121
10.2007
9.337
13.1758
15.959
18.1663
16.3429
14.6154
16.8227
12.4081
13.1758
11.2564
9.52894
8.85714
7.80147
5.97802
5.88205
1.17949
1.56337
1.65934
1.75531
2.71502
1.17949
2.23516
1.94725
1.17949
2.81099
3.38681
3.57875
-0.739927
-1.31575
-0.547985
-1.50769
-0.643956
-0.452015
-1.89158
-1.69963
-2.85128
-3.71502
-4.29084
-4.67473
-3.42711
-4.67473
-2.65934
0.699634
-2.65934
-3.04322
-3.42711
-6.59414
-2.4674
-2.94725
-1.31575
-1.69963
-1.31575
-0.452015
-1.02784
0.315751
-3.71502
-5.82637
-6.97802
-5.7304
-1.89158
-1.02784
-2.56337
-5.25055
-5.25055
-3.13919
-3.71502
0.603663
-0.835897
-0.739927
-1.12381
-3.33114
-4.29084
-2.27546
-6.01832
-4.86667
-4.48278
-5.82637
-11.0088
-10.337
-14.7516
-14.1758
-13.4081
-9.37729
-12.4484
-10.433
-13.8879
-14.2718
-16.5751
-15.7114
-13.9839
-13.8879
-16.959
-16.5751
-17.0549
-18.7824
-15.6154
-15.8073
-11.6806
-14.2718
-10.337
-12.7363
-19.6462
-10.9128
-17.0549
-16.6711
-15.9033
-18.3985
-13.6
-30.5868
-25.3084
-22.8132
-18.6864
-18.5905
-15.2315
-19.2623
-23.7729
-20.7018
-25.5004
-24.1568
-19.8381
-13.7919
-10.241
-9.76117
-11.2007
-10.433
-12.9282
-14.5597
-13.1201
-12.9282
-13.9839
-14.4637
-11.7766
-9.28132
-8.12967
-6.21026
-6.21026
-4.00293
-3.42711
3.38681
0.21978
2.04322
3.67473
2.90696
2.13919
4.05861
0.891575
0.891575
2.13919
3.7707
0.891575
-0.260073
-0.0681319
1.94725
-0.547985
0.987546
-1.12381
-0.164103
-0.164103
2.23516
3.29084
-3.33114
-5.05861
-1.7956
-0.643956
2.04322
-0.164103
-1.50769
-1.89158
-3.61905
-1.69963
4.82637
5.4022
9.14505
6.26593
7.80147
10.2007
8.95311
4.44249
5.97802
7.51355
7.12967
6.74579
7.12967
9.04908
7.80147
5.30623
0.507692
-3.90696
1.65934
-0.739927
-0.356044
-0.452015
-0.164103
-0.0681319
-0.739927
0.507692
1.37143
-2.4674
-5.05861
-3.71502
0.411722
-3.52308
-3.23516
-0.643956
0.891575
-0.356044
0.21978
-3.52308
-4.38681
-4.96264
-2.37143
0.315751
2.90696
-1.89158
3.29084
1.65934
0.0278388
-1.69963
-0.356044
-1.41172
0.21978
-2.94725
-0.643956
-2.85128
-1.12381
1.17949
3.86667
3.7707
3.86667
3.7707
3.7707
1.4674
1.37143
2.33114
4.34652
5.01832
3.0989
1.75531
4.25055
4.92234
8.37729
8.28132
10.2967
9.72088
5.69011
8.95311
8.95311
6.64982
5.4022
11.7363
14.5194
9.81685
12.3121
9.14505
5.78608
7.12967
7.0337
10.2007
8.47326
9.04908
11.6403
11.0645
8.37729
8.18535
6.93773
11.6403
10.8725
9.52894
5.4022
7.80147
12.2161
11.9282
13.4637
11.2564
9.04908
11.3524
13.9436
12.1201
12.8879
7.70549
6.55385
5.78608
4.7304
9.52894
14.5194
13.8476
12.9839
11.6403
7.60952
4.34652
3.7707
3.00293
6.74579
10.2007
11.7363
13.4637
11.5443
8.85714
7.0337
6.26593
6.74579
5.49817
6.07399
3.29084
6.07399
7.89744
8.08938
8.56923
9.24103
9.337
9.62491
10.2967
9.81685
9.337
9.52894
6.93773
7.89744
7.99341
6.45788
7.80147
6.3619
7.41758
9.72088
7.51355
7.32161
4.34652
4.7304
3.86667
7.0337
6.07399
6.74579
3.38681
5.01832
5.69011
2.61905
-0.643956
-1.69963
-1.98755
-1.89158
-2.08352
-3.23516
-2.65934
-2.17949
-1.12381
-0.356044
-1.69963
-3.42711
-2.17949
1.27546
1.17949
-2.17949
-4.0989
-5.34652
-6.78608
-1.98755
-5.25055
-5.44249
-7.55385
-6.97802
-8.22564
-8.22564
-6.97802
-6.88205
-8.70549
-6.4022
-4.67473
-3.90696
-1.69963
0.891575
-0.452015
-4.00293
-4.67473
-7.55385
-8.41758
-7.45788
-9.18535
-9.85714
-8.32161
-7.45788
-9.28132
-8.0337
-10.7209
-6.4022
-8.99341
-12.0645
-13.7919
-12.4484
-13.6
-12.4484
-11.9685
-12.7363
-12.3524
-11.8725
-12.9282
-13.8879
-15.9033
-14.0799
-12.8322
-15.8073
-13.6
-14.7516
-13.2161
-11.8725
-11.4886
-14.3678
-16.4791
-13.696
-14.9436
-13.9839
-15.5194
-14.7516
-12.6403
-10.8168
-10.433
-14.6557
-14.2718
-15.7114
-19.8381
-19.8381
-16.959
-14.5597
-12.8322
-14.6557
-13.3121
-12.1604
-6.69011
-7.16996
-6.97802
-11.7766
-10.241
-11.2967
-10.5289
-7.93773
-8.0337
-4.57875
-8.51355
-7.16996
-4.96264
-9.37729
-10.5289
-7.93773
-8.41758
-7.07399
-8.41758
-3.61905
-5.15458
-7.16996
-7.3619
-4.86667
-5.92234
-5.44249
-4.67473
-2.08352
-5.05861
-4.86667
-5.82637
-5.82637
-4.57875
-6.01832
-0.547985
-1.89158
0.795604
0.699634
0.21978
-0.356044
2.33114
3.67473
5.88205
5.78608
10.8725
11.2564
8.85714
3.19487
3.38681
1.85128
5.69011
5.78608
11.0645
8.37729
4.82637
4.82637
0.411722
-3.61905
0.891575
4.25055
5.88205
3.00293
1.75531
1.65934
5.49817
5.30623
3.19487
6.26593
6.84176
2.52308
2.52308
9.62491
0.12381
-1.02784
1.17949
0.891575
0.987546
2.90696
5.69011
8.76117
7.22564
5.4022
4.53846
5.88205
6.84176
7.0337
6.93773
9.14505
6.93773
7.32161
7.32161
8.18535
7.41758
5.01832
4.63443
5.78608
2.81099
1.56337
1.65934
0.699634
2.42711
3.00293
7.41758
8.56923
5.59414
6.93773
3.57875
3.38681
2.52308
2.81099
4.63443
0.795604
4.92234
3.96264
7.32161
6.16996
5.11429
5.30623
7.70549
3.57875
6.3619
4.44249
6.3619
6.64982
2.23516
0.21978
-0.0681319
-4.0989
-1.7956
3.67473
-1.02784
-2.37143
-0.452015
1.08352
2.13919
2.90696
-0.164103
2.81099
-0.835897
-4.7707
-4.96264
-5.63443
-1.69963
-1.50769
1.37143
0.315751
-0.643956
1.08352
2.04322
5.69011
4.92234
8.08938
10.6806
10.1048
11.4484
11.4484
8.18535
2.71502
5.78608
8.28132
10.3927
10.6806
10.6806
10.4886
4.05861
2.13919
2.04322
1.94725
4.53846
5.69011
8.08938
5.30623
4.25055
5.49817
6.26593
5.21026
5.4022
3.29084
1.37143
-0.547985
-4.00293
0.891575
3.0989
6.84176
6.07399
0.603663
-5.05861
-3.42711
-0.835897
4.53846
3.38681
1.75531
-1.98755
-3.81099
-3.33114
-4.57875
-0.260073
-1.98755
-1.98755
-3.33114
-3.61905
-2.37143
-1.69963
1.65934
0.987546
0.507692
-0.164103
-2.27546
3.86667
1.56337
1.56337
-0.0681319
-0.356044
1.94725
0.12381
0.0278388
1.56337
-0.260073
0.315751
-2.27546
0.603663
0.987546
-0.356044
-2.4674
-1.21978
-0.547985
0.0278388
-1.69963
-0.164103
0.507692
-1.31575
-3.71502
-2.65934
-2.17949
-0.260073
2.13919
3.19487
1.94725
1.17949
3.57875
2.52308
1.56337
3.38681
6.3619
6.74579
9.81685
9.24103
7.89744
7.80147
7.70549
6.74579
5.59414
6.16996
2.71502
-1.50769
-2.27546
1.75531
4.34652
4.44249
2.42711
1.85128
-1.69963
-0.452015
0.891575
1.65934
-0.356044
-0.547985
1.75531
3.00293
7.12967
6.64982
4.63443
4.82637
3.67473
8.08938
5.78608
0.891575
2.52308
-0.0681319
1.08352
4.34652
2.71502
2.71502
0.0278388
0.21978
0.21978
-1.12381
-1.60366
-3.42711
-1.89158
-2.94725
-1.60366
-0.931868
1.56337
2.42711
-1.69963
2.23516
-2.08352
-0.356044
-1.7956
-1.50769
-4.38681
-8.60952
-8.70549
-7.64982
-7.3619
-7.3619
-7.84176
-10.337
-11.0088
-11.2967
-8.12967
-7.26593
-6.69011
-9.95311
-6.97802
-4.38681
-4.96264
-5.7304
-6.4022
-7.74579
-7.93773
-6.21026
-8.32161
-10.241
-8.51355
-8.12967
-11.6806
-6.88205
-4.38681
-3.42711
-4.29084
-7.64982
-6.88205
-8.32161
-8.12967
-8.99341
-9.28132
-5.15458
-5.25055
-6.88205
-2.65934
-4.86667
-0.452015
0.699634
-6.11429
-11.5846
-10.8168
-7.45788
-7.45788
-7.84176
-2.65934
-0.356044
2.42711
-1.31575
-2.65934
-8.80147
-6.69011
-3.71502
-8.32161
-16.4791
-7.55385
-2.85128
-2.4674
1.17949
-0.260073
-2.17949
-2.17949
-1.41172
0.507692
1.08352
0.315751
-0.931868
-3.52308
-0.452015
-2.65934
0.21978
0.507692
0.795604
-2.27546
-4.57875
-5.15458
-8.32161
-8.12967
-11.2007
-10.337
-11.2967
-5.25055
-1.98755
-5.05861
-2.65934
-10.241
-6.78608
-10.8168
-5.44249
-11.2007
-12.8322
-13.6
-10.1451
-9.37729
-7.3619
-8.32161
-6.30623
-6.4022
-4.67473
-0.260073
5.21026
1.56337
-1.60366
-3.04322
-5.34652
-4.19487
-1.7956
1.94725
1.75531
3.19487
0.891575
1.37143
-1.7956
-2.56337
-8.41758
-4.57875
-3.90696
-4.67473
-1.69963
2.04322
9.04908
6.64982
7.32161
5.21026
5.88205
5.11429
4.82637
4.34652
5.21026
5.11429
9.72088
7.89744
6.16996
9.72088
8.08938
8.28132
7.12967
6.64982
11.6403
14.1355
19.126
22.1011
19.03
19.03
16.0549
13.2718
9.62491
10.9685
9.81685
13.4637
16.2469
17.3026
16.7267
11.6403
11.8322
7.22564
0.507692
-1.50769
2.42711
4.63443
0.411722
2.52308
3.7707
1.37143
3.0989
1.94725
3.38681
7.41758
6.16996
5.4022
2.81099
4.53846
2.42711
2.81099
1.27546
1.17949
0.891575
-0.452015
-0.356044
3.0989
4.53846
8.95311
2.04322
1.65934
6.84176
9.04908
3.96264
4.44249
2.61905
3.48278
5.30623
8.6652
7.41758
7.80147
11.7363
9.43297
4.44249
4.82637
8.28132
7.60952
8.95311
12.504
9.337
5.97802
4.25055
3.67473
-0.452015
-3.81099
2.23516
2.23516
10.2007
6.07399
6.84176
5.21026
6.3619
8.95311
6.26593
9.72088
8.47326
8.85714
10.7766
14.9993
15.4791
12.696
10.2967
10.2007
12.1201
9.81685
9.62491
10.2007
9.24103
2.52308
7.70549
6.3619
6.26593
9.24103
14.3275
12.9839
10.6806
13.9436
9.62491
6.3619
5.01832
3.86667
5.11429
10.9685
9.62491
8.28132
5.4022
5.69011
3.57875
2.81099
2.42711
0.411722
3.38681
4.44249
5.4022
5.01832
5.30623
3.0989
4.92234
-0.260073
-3.90696
-4.00293
-6.88205
-5.82637
-7.55385
-6.11429
-3.61905
-3.42711
-4.00293
-10.7209
-7.26593
-8.32161
-6.69011
-1.7956
-3.42711
-1.7956
-0.356044
0.891575
0.0278388
-0.739927
-5.82637
-7.16996
0.795604
-2.37143
-1.7956
-1.21978
-3.71502
-3.13919
-3.52308
-2.75531
-5.53846
-4.00293
-2.27546
-0.452015
-2.85128
-0.452015
-4.48278
-2.85128
0.603663
0.21978
-0.164103
-4.48278
-5.92234
-4.19487
-2.75531
0.795604
-1.12381
-3.71502
-2.65934
-0.356044
-2.37143
-4.48278
-4.48278
-4.48278
-4.00293
-7.07399
-8.51355
-8.70549
-8.99341
-10.433
-13.7919
-10.6249
-10.6249
-8.12967
-8.99341
-12.2564
-13.6
-10.337
-5.92234
-1.60366
1.65934
3.00293
3.57875
2.13919
-0.0681319
-4.19487
-4.38681
-6.97802
-7.93773
-11.8725
-8.41758
-13.1201
-7.64982
-3.90696
-1.50769
1.65934
8.37729
-1.12381
-6.97802
-5.44249
-7.93773
-1.50769
-2.56337
-0.931868
-0.452015
0.603663
-5.34652
0.411722
-1.89158
1.65934
2.61905
