1.27546
0.603663
1.4674
-1.21978
-3.52308
-3.33114
-4.29084
0.12381
2.23516
5.59414
6.74579
5.69011
6.16996
4.25055
3.0989
2.13919
2.23516
0.0278388
2.13919
4.05861
5.69011
8.28132
7.51355
13.9436
11.4484
12.7919
14.4234
16.2469
9.62491
6.93773
6.45788
7.32161
5.4022
5.01832
4.92234
3.29084
4.82637
3.96264
3.67473
5.49817
6.26593
3.7707
5.59414
5.30623
8.95311
6.45788
6.74579
5.11429
0.12381
3.38681
-0.452015
-0.452015
-0.260073
-3.23516
0.603663
1.08352
-1.21978
0.315751
1.27546
4.05861
2.23516
0.12381
0.315751
2.81099
3.57875
3.86667
2.81099
0.795604
4.82637
6.64982
7.89744
3.29084
0.987546
3.67473
5.4022
6.74579
3.96264
7.32161
6.93773
6.64982
6.3619
7.12967
5.97802
3.19487
8.85714
4.92234
4.7304
4.25055
2.61905
2.23516
1.56337
-0.547985
-2.37143
-1.41172
5.01832
1.17949
1.27546
-0.0681319
2.42711
0.891575
0.987546
-5.25055
-7.26593
-5.34652
-5.53846
-5.53846
-9.6652
-10.9128
-12.0645
-7.64982
-6.59414
-5.7304
-5.82637
-5.53846
-6.97802
-6.30623
-4.38681
-2.85128
-4.00293
-6.88205
-2.4674
-4.67473
-8.22564
-8.0337
-2.94725
-2.37143
-10.0491
-7.45788
-4.00293
-2.65934
-3.90696
-4.57875
-7.55385
-9.28132
-12.9282
-10.0491
-11.9685
-6.97802
-7.55385
-11.0088
-11.4886
-15.6154
-16.2872
-13.1201
-15.5194
-13.0242
-14.7516
-13.6
-7.64982
-4.57875
-7.74579
-10.433
-13.7919
-11.6806
-12.3524
-11.8725
-9.85714
-11.5846
-11.3927
-8.60952
-10.1451
-3.33114
-3.52308
-5.25055
-8.32161
-10.0491
-9.6652
-11.3927
-14.6557
-14.9436
-12.7363
-9.6652
-8.22564
-5.92234
-5.63443
-9.37729
-11.2007
-8.51355
-10.433
-8.60952
-9.08938
-10.241
-7.55385
-5.15458
-7.55385
-4.48278
5.30623
4.25055
-0.356044
1.94725
0.603663
-6.11429
-9.47326
-16.2872
-14.8476
-17.8227
-12.7363
-9.18535
-6.69011
-5.15458
-1.7956
-0.356044
-0.452015
-6.30623
-6.30623
-6.69011
-11.0088
-9.85714
-8.0337
-6.11429
-3.13919
-3.52308
-1.02784
-4.67473
-6.49817
-3.61905
-4.0989
-3.71502
-5.25055
-7.07399
-2.27546
-0.356044
3.57875
6.93773
5.01832
4.44249
1.27546
-4.86667
-4.0989
-7.84176
-10.433
-10.337
-11.3927
-9.47326
-7.26593
0.12381
5.01832
5.01832
6.07399
1.08352
0.0278388
-1.89158
-0.547985
-3.13919
-0.260073
-0.931868
-1.21978
3.29084
9.14505
12.2161
12.3121
8.95311
10.3927
10.2967
12.696
11.0645
14.1355
5.11429
0.603663
3.67473
7.0337
10.4886
12.504
9.72088
6.55385
1.08352
4.15458
3.19487
2.23516
6.3619
9.04908
10.6806
12.6
14.7114
17.1106
15.767
6.45788
5.78608
4.05861
3.29084
3.57875
10.6806
12.696
15.6711
17.3026
15.1912
10.4886
5.01832
-0.356044
-3.90696
0.795604
5.59414
5.49817
10.5846
10.0088
10.8725
14.0396
13.7516
13.0799
10.2007
5.49817
8.28132
3.96264
5.4022
10.3927
12.8879
16.4388
17.5905
18.7421
14.2315
7.89744
4.7304
3.96264
3.38681
2.33114
1.27546
-0.164103
3.0989
4.25055
8.28132
7.12967
5.49817
1.4674
-2.4674
-3.52308
-4.0989
-7.55385
-2.56337
-0.0681319
2.61905
7.70549
9.43297
10.2967
4.92234
-3.13919
-4.86667
-8.89744
-11.0088
-10.241
-11.2967
-7.07399
-4.0989
-6.88205
-0.260073
4.34652
0.603663
1.75531
-0.164103
-2.4674
-2.37143
-4.57875
-4.57875
-2.4674
-4.00293
-3.81099
-3.71502
-6.59414
-6.4022
-2.75531
-3.13919
0.699634
0.987546
0.21978
-2.94725
-7.84176
-8.0337
-8.80147
-9.6652
-14.4637
-11.4886
-10.8168
-10.8168
-5.92234
-5.92234
-3.81099
-2.27546
-3.42711
-4.7707
-4.86667
-3.13919
-3.33114
-4.86667
-5.92234
-5.92234
-7.16996
-3.71502
-1.41172
2.23516
0.891575
0.0278388
1.37143
1.37143
2.23516
0.699634
1.08352
2.33114
3.0989
1.75531
3.67473
5.30623
8.37729
12.0242
10.2007
8.76117
6.64982
2.42711
0.315751
3.57875
2.13919
3.48278
3.0989
6.07399
0.12381
0.507692
1.08352
0.987546
5.97802
7.12967
7.89744
8.08938
3.29084
-0.835897
3.67473
3.29084
-1.21978
-5.44249
-4.19487
-3.04322
-0.260073
3.0989
1.56337
4.44249
3.57875
3.19487
5.78608
-1.98755
-5.92234
-11.4886
-8.60952
-10.9128
-6.97802
-1.69963
-0.164103
4.92234
3.19487
4.53846
5.59414
6.74579
5.30623
3.57875
6.26593
2.23516
5.59414
8.56923
6.84176
9.337
6.45788
5.30623
6.93773
2.61905
2.71502
1.4674
-2.27546
-1.89158
1.94725
1.4674
7.32161
7.60952
6.74579
8.28132
8.28132
9.14505
9.72088
7.60952
9.14505
7.80147
3.86667
6.84176
9.337
7.60952
5.69011
3.57875
-2.65934
-0.643956
-0.931868
0.411722
1.75531
0.507692
3.38681
2.13919
3.67473
2.33114
3.00293
4.53846
2.04322
5.4022
3.67473
-2.75531
-0.452015
3.38681
7.0337
4.63443
-2.75531
2.33114
1.4674
4.7304
2.71502
-0.356044
-5.63443
-6.69011
-4.00293
0.315751
0.507692
-2.85128
-3.23516
-4.67473
-5.53846
-1.60366
1.85128
4.44249
-0.452015
-4.19487
-1.69963
-3.61905
-4.96264
-1.31575
0.987546
4.34652
4.34652
1.17949
2.71502
-0.547985
-1.98755
-6.30623
-7.45788
-9.56923
-11.1048
-9.76117
-6.59414
-3.33114
-2.17949
-1.21978
0.315751
0.603663
2.90696
1.75531
-0.356044
-3.81099
-10.6249
-10.337
-8.60952
-8.60952
-10.433
-9.56923
-5.92234
-7.93773
-7.07399
-7.74579
-3.90696
-1.41172
-2.37143
-4.86667
-0.739927
-1.60366
-6.69011
-4.7707
-5.34652
-3.71502
-2.37143
-3.33114
-6.01832
-2.27546
-3.23516
-3.04322
-7.16996
-4.96264
-3.52308
-4.96264
-6.88205
-4.57875
-5.53846
-5.25055
-2.94725
-1.02784
-4.0989
-5.92234
-8.22564
-6.69011
-7.74579
-9.47326
-12.9282
-14.5597
-14.6557
-13.2161
-11.2967
-15.8073
-11.9685
-10.5289
-9.47326
-10.433
-9.37729
-6.49817
-7.64982
-9.76117
-9.08938
-13.1201
-12.5443
-8.70549
-7.26593
-5.92234
-5.44249
-4.96264
-5.7304
-9.95311
-5.63443
-3.52308
2.13919
-0.835897
-3.52308
-2.27546
0.411722
-0.835897
-2.85128
-2.37143
-2.75531
-2.37143
-2.17949
-3.52308
-1.31575
-1.60366
-0.835897
0.315751
0.0278388
5.11429
0.315751
5.01832
1.17949
3.67473
0.0278388
1.85128
3.0989
3.29084
-3.33114
-1.50769
-2.08352
-1.98755
1.17949
0.795604
3.96264
-0.0681319
0.891575
1.56337
-0.260073
-0.931868
1.08352
-0.260073
-0.739927
-0.739927
-3.04322
-1.89158
0.699634
-1.02784
4.15458
1.75531
-0.835897
1.56337
-0.739927
-0.260073
0.315751
0.987546
3.48278
2.81099
0.891575
1.4674
-0.739927
1.94725
2.61905
2.90696
4.53846
1.27546
1.17949
3.86667
4.7304
3.67473
0.507692
-2.65934
-1.69963
-1.60366
0.507692
1.37143
2.13919
0.699634
0.411722
-0.452015
2.71502
0.411722
0.891575
1.56337
3.67473
2.90696
1.17949
3.48278
0.21978
-2.65934
-1.31575
0.411722
2.52308
3.0989
4.15458
6.64982
5.49817
3.67473
1.17949
1.75531
0.21978
5.4022
5.78608
2.90696
1.56337
-1.12381
-0.835897
-5.05861
-6.11429
-5.34652
-5.44249
-2.27546
-1.7956
2.23516
-1.41172
0.21978
0.21978
1.37143
1.37143
0.891575
0.891575
-0.356044
-0.0681319
2.52308
0.411722
0.21978
0.315751
4.34652
4.15458
5.59414
4.63443
1.17949
2.71502
7.32161
3.7707
4.92234
5.4022
4.92234
7.22564
4.25055
4.63443
4.05861
5.78608
4.63443
3.67473
7.32161
1.94725
0.987546
2.13919
0.12381
2.33114
2.23516
0.0278388
1.56337
3.29084
1.94725
3.00293
2.42711
4.53846
5.59414
4.05861
5.21026
7.60952
5.49817
2.04322
3.7707
3.00293
6.07399
6.55385
5.30623
6.93773
6.93773
8.08938
7.80147
1.17949
4.92234
2.23516
3.29084
4.34652
7.80147
4.7304
2.90696
5.01832
4.63443
4.53846
2.90696
1.17949
2.90696
7.0337
1.37143
5.97802
7.41758
-0.356044
0.12381
0.315751
4.15458
3.0989
-0.547985
-0.931868
-1.31575
-2.4674
-1.50769
-2.75531
-0.452015
-0.164103
-1.02784
0.21978
0.987546
-0.164103
2.04322
2.33114
2.13919
0.699634
-0.164103
-1.98755
1.08352
1.37143
-1.21978
-5.63443
-0.835897
-1.7956
-3.33114
-1.21978
-2.94725
0.315751
3.19487
3.86667
0.411722
-1.7956
-2.17949
-0.356044
-1.41172
-2.75531
3.7707
1.56337
1.27546
-1.69963
-1.89158
-2.56337
-2.65934
-0.739927
0.507692
-1.60366
-1.60366
2.23516
0.507692
-1.21978
2.33114
0.795604
2.90696
4.53846
8.47326
9.43297
6.55385
9.04908
10.2967
8.95311
6.74579
1.17949
3.48278
2.52308
1.17949
2.33114
4.44249
7.0337
7.80147
0.795604
0.12381
0.315751
3.48278
4.15458
4.53846
-0.931868
-1.60366
-1.98755
-4.29084
-2.65934
-4.00293
-3.33114
-2.85128
-3.33114
-5.15458
0.891575
-1.12381
-2.17949
-5.63443
-7.74579
-7.93773
-9.08938
-7.26593
-11.4886
-10.433
-9.85714
-8.32161
-8.41758
-8.99341
-12.7363
-9.56923
-6.69011
-5.25055
-4.0989
-3.13919
-3.04322
-3.33114
-4.7707
-3.33114
-7.16996
-6.69011
-4.19487
-4.7707
-2.94725
-0.164103
2.13919
-0.452015
-3.04322
-3.52308
-4.57875
-6.88205
-5.15458
-9.08938
-8.89744
-8.70549
-7.3619
-7.55385
-5.15458
-7.93773
-9.28132
-7.64982
-6.59414
-6.49817
-7.55385
-6.69011
-6.30623
-6.01832
-4.7707
-1.89158
-4.19487
-5.53846
-4.38681
-6.78608
-5.34652
-4.19487
-1.41172
0.795604
1.65934
0.507692
-2.75531
-3.61905
-6.11429
-4.96264
-4.19487
-3.52308
-5.05861
-4.00293
-5.05861
-0.643956
0.603663
-2.56337
1.85128
1.65934
0.12381
-2.56337
-3.33114
-0.643956
-0.547985
-0.260073
-1.89158
-0.356044
1.75531
0.21978
-0.164103
-2.08352
-1.31575
-1.60366
0.987546
2.42711
0.21978
-1.98755
1.75531
-0.643956
-4.48278
-4.00293
1.94725
1.17949
3.48278
1.4674
2.04322
2.81099
5.01832
4.63443
-2.08352
-1.60366
0.699634
-1.7956
-3.61905
-4.57875
-4.67473
-3.81099
-5.82637
-5.7304
-6.30623
-2.56337
-2.65934
-3.61905
-3.81099
-1.12381
-3.71502
-3.04322
-3.81099
-4.96264
-6.97802
-7.3619
-8.80147
-5.15458
-8.70549
-6.69011
-5.44249
-7.3619
-6.4022
-7.45788
-5.82637
-1.41172
0.507692
-2.37143
-3.13919
-0.452015
-0.931868
0.891575
-1.02784
-1.02784
-0.356044
-2.94725
1.4674
3.29084
4.53846
4.44249
5.01832
2.90696
2.33114
3.67473
-0.739927
0.699634
0.603663
0.507692
-0.260073
-0.739927
-2.37143
-4.0989
-2.94725
-1.60366
1.27546
-2.56337
-1.60366
-3.52308
-3.81099
-2.85128
-0.452015
4.53846
8.37729
8.08938
6.64982
9.14505
5.21026
2.42711
1.85128
3.38681
1.65934
1.27546
1.37143
-0.356044
-2.4674
-0.452015
1.4674
3.86667
3.19487
2.23516
0.411722
4.15458
0.315751
-1.7956
-6.21026
-3.13919
-1.21978
-0.547985
-2.75531
-4.38681
-2.17949
-3.04322
-3.52308
-2.56337
-3.81099
0.21978
1.17949
0.315751
-2.4674
-5.53846
-6.88205
-5.34652
-8.0337
-5.92234
-7.07399
-2.27546
-0.452015
-0.0681319
-0.356044
-3.81099
-9.37729
-8.41758
-6.88205
-1.12381
0.987546
0.315751
1.37143
-1.98755
-5.7304
-6.78608
-6.30623
-8.22564
-9.37729
-7.64982
-6.59414
1.56337
5.49817
7.89744
4.44249
-0.260073
-5.15458
-5.05861
-6.59414
-8.32161
-4.48278
1.17949
-1.7956
-2.75531
-4.0989
-2.27546
1.75531
5.30623
3.0989
3.19487
6.55385
8.47326
3.86667
-1.31575
-2.4674
-3.33114
-0.164103
5.78608
7.60952
7.70549
5.49817
4.63443
3.38681
2.33114
2.13919
0.411722
-0.164103
-0.356044
2.42711
5.30623
9.52894
10.7766
9.72088
4.44249
4.7304
2.81099
1.94725
-0.547985
0.507692
1.4674
4.05861
3.96264
7.41758
4.05861
6.07399
3.29084
6.16996
2.13919
-0.835897
-1.98755
-1.69963
-1.41172
1.4674
1.65934
5.49817
2.23516
3.00293
6.64982
7.89744
11.5443
7.60952
3.29084
1.37143
0.699634
-2.94725
-3.90696
-3.52308
-2.56337
-1.31575
-1.12381
1.56337
3.57875
0.603663
2.33114
4.53846
5.30623
0.315751
-1.31575
-4.57875
-6.01832
-9.6652
-4.67473
-2.4674
-1.12381
-2.85128
0.699634
2.71502
2.13919
-1.21978
-2.65934
-3.71502
-8.0337
-6.88205
-10.5289
-10.433
-11.6806
-14.5597
-12.7363
-9.6652
-8.80147
-6.78608
-4.57875
-3.90696
1.27546
-2.4674
-3.33114
-6.69011
-5.7304
-5.15458
-4.48278
-3.61905
-1.50769
-0.164103
0.12381
1.56337
0.21978
-5.34652
-7.26593
-6.49817
0.987546
2.23516
4.25055
1.75531
-1.69963
1.65934
3.86667
2.13919
3.67473
4.82637
8.08938
15.4791
11.7363
7.80147
0.411722
-1.31575
-0.164103
1.56337
3.86667
3.48278
9.24103
14.7114
19.5099
12.0242
9.81685
10.8725
7.22564
3.57875
5.11429
10.0088
11.2564
8.6652
8.08938
2.61905
5.49817
2.52308
-3.81099
-13.696
-17.6308
-20.6059
-19.4542
-17.5348
-15.0396
-10.9128
-6.21026
-8.12967
-11.7766
-10.337
-9.37729
-10.433
-6.97802
-8.89744
-8.99341
-8.89744
-7.55385
-6.21026
-6.01832
-9.18535
-5.34652
-4.38681
-3.90696
-2.75531
-4.96264
-6.78608
-5.34652
-10.5289
-9.18535
-6.01832
-11.2967
-10.5289
-9.28132
-5.92234
-9.08938
-6.97802
-8.22564
-7.07399
-6.59414
-6.78608
-6.30623
-4.48278
-8.32161
-8.60952
-7.26593
-3.81099
-4.00293
-2.85128
-2.4674
-1.50769
2.04322
1.94725
6.45788
5.49817
3.67473
0.507692
2.61905
-0.260073
4.15458
6.16996
4.44249
2.42711
-1.12381
-4.48278
-4.38681
-5.05861
-4.67473
-5.63443
-2.27546
-0.931868
4.25055
2.61905
1.08352
4.53846
0.891575
-3.04322
-0.931868
-3.61905
-4.29084
-3.61905
-1.41172
-3.13919
-4.7707
-3.71502
0.0278388
-2.08352
-2.65934
-2.17949
-3.04322
-0.356044
-0.643956
-3.81099
1.56337
-0.164103
-0.164103
-1.98755
-2.94725
-1.50769
0.795604
0.603663
2.23516
-1.60366
0.315751
-0.547985
2.04322
0.507692
-2.37143
-6.01832
-3.90696
-4.86667
-5.63443
-3.90696
-3.42711
-4.86667
-1.21978
-1.60366
0.12381
-0.260073
-0.931868
-2.08352
3.00293
0.315751
2.90696
1.94725
0.315751
-0.260073
0.603663
1.85128
1.27546
-0.164103
2.90696
1.27546
-2.56337
-2.85128
-1.7956
1.56337
-0.452015
1.17949
1.37143
3.0989
2.52308
1.56337
1.37143
1.65934
-0.643956
2.61905
-0.356044
-1.21978
0.699634
1.56337
-0.643956
-0.835897
-0.164103
0.603663
-0.452015
-1.41172
0.21978
5.21026
6.55385
5.49817
6.84176
5.97802
6.45788
5.59414
4.34652
4.7304
2.52308
3.57875
5.01832
5.01832
6.07399
3.48278
4.25055
5.49817
5.78608
5.88205
3.48278
6.64982
6.55385
6.84176
6.16996
0.507692
0.0278388
0.315751
0.0278388
0.987546
3.7707
6.93773
9.52894
6.3619
5.59414
5.4022
2.42711
4.92234
2.90696
0.12381
0.507692
-2.37143
-1.60366
-3.71502
-0.452015
0.21978
-0.931868
1.4674
3.67473
3.38681
4.92234
4.25055
4.44249
3.38681
5.88205
3.38681
2.23516
1.37143
-0.0681319
-0.260073
-0.835897
1.17949
0.21978
-0.164103
1.37143
1.56337
0.0278388
1.17949
2.90696
3.7707
0.987546
3.96264
5.49817
7.60952
6.84176
4.7304
4.53846
2.90696
7.22564
5.78608
8.76117
5.88205
3.7707
2.13919
-0.452015
-0.547985
1.56337
0.699634
2.04322
0.315751
2.13919
0.21978
4.25055
3.48278
6.74579
4.92234
0.507692
0.21978
-3.23516
-1.12381
0.699634
3.48278
2.52308
1.94725
-1.31575
-0.260073
-1.7956
3.00293
1.85128
0.891575
1.56337
3.96264
2.61905
1.37143
0.21978
2.61905
0.795604
2.13919
4.82637
8.56923
7.41758
7.51355
7.89744
7.89744
11.9282
8.37729
7.89744
5.78608
5.49817
3.7707
-1.60366
0.987546
-0.164103
1.65934
-1.69963
1.56337
-1.02784
1.56337
0.315751
-1.31575
-1.02784
-1.50769
-4.48278
-0.835897
-2.56337
0.411722
2.23516
3.7707
4.7304
3.67473
2.04322
-0.260073
-3.04322
-2.56337
-4.7707
-4.48278
-4.96264
-0.356044
1.65934
-1.50769
-3.23516
-2.94725
-1.89158
0.12381
2.81099
3.19487
2.71502
2.23516
0.987546
-1.60366
-0.931868
-1.50769
-2.08352
-0.356044
2.04322
-1.31575
-4.29084
-5.44249
-2.85128
-3.23516
-2.94725
-6.4022
-2.65934
-1.89158
-0.931868
0.0278388
0.12381
-3.71502
-3.13919
0.21978
-1.60366
-1.02784
0.891575
3.00293
-2.56337
-1.89158
-4.19487
-5.92234
-5.53846
-3.33114
-1.31575
-4.86667
-2.65934
-4.57875
-0.835897
-3.23516
1.17949
-2.37143
0.315751
0.12381
-0.260073
-1.98755
0.891575
-0.260073
-3.13919
-2.65934
2.52308
1.27546
0.795604
-1.21978
0.0278388
1.08352
-1.69963
-3.33114
-2.65934
-0.643956
-1.12381
0.987546
2.61905
4.44249
1.17949
0.0278388
-1.60366
-1.60366
-1.69963
0.21978
-1.21978
0.507692
1.37143
1.75531
0.315751
-0.835897
-1.31575
-0.739927
2.13919
1.65934
0.891575
0.891575
3.00293
3.67473
1.75531
0.411722
0.795604
0.0278388
-0.835897
-1.41172
-1.89158
3.29084
-1.31575
1.65934
4.53846
3.86667
2.33114
3.19487
2.33114
3.0989
1.75531
2.52308
1.85128
2.33114
4.63443
3.19487
5.01832
4.15458
1.65934
2.13919
1.94725
1.94725
3.29084
1.17949
3.0989
-1.69963
-2.56337
-0.356044
0.603663
-2.65934
-2.37143
0.0278388
0.0278388
-2.65934
-4.86667
-5.53846
-4.48278
-4.67473
-4.19487
-4.29084
-5.92234
-7.64982
-5.92234
-6.59414
-3.23516
-2.56337
-1.69963
-6.97802
-7.45788
-6.01832
-5.63443
-0.260073
-2.65934
-3.61905
-2.65934
-0.547985
0.891575
2.90696
0.987546
0.21978
-1.21978
-0.931868
-1.12381
-3.71502
-4.7707
-5.53846
-1.60366
1.27546
4.05861
7.12967
7.80147
5.69011
5.30623
4.92234
2.04322
-0.164103
0.0278388
0.699634
-3.42711
0.603663
0.21978
-2.65934
1.56337
0.891575
-5.92234
-5.05861
-2.94725
-0.643956
-7.07399
-6.49817
-4.48278
-4.19487
-5.34652
-5.44249
-4.38681
-1.41172
-5.25055
0.699634
-1.69963
2.13919
-0.547985
0.315751
-1.31575
-0.739927
-4.00293
0.12381
0.12381
1.85128
-0.931868
2.52308
1.56337
3.67473
-0.164103
0.507692
0.411722
-0.452015
-1.60366
1.75531
0.795604
-0.547985
-4.57875
-4.86667
-5.05861
-3.52308
-0.931868
2.71502
-1.98755
-2.17949
-6.97802
-6.49817
-9.85714
-9.08938
-6.21026
-5.7304
-5.34652
-5.44249
-2.85128
-4.38681
-6.59414
-5.7304
-7.45788
-8.41758
-7.64982
-5.82637
-4.86667
-1.89158
-1.60366
-4.57875
-9.85714
-11.4886
-10.433
-6.88205
-6.4022
-3.23516
-0.931868
1.75531
1.85128
0.891575
-1.69963
-3.61905
-5.53846
-3.13919
3.96264
5.88205
6.3619
-0.0681319
-1.02784
4.34652
2.23516
3.7707
2.04322
-0.643956
-2.27546
7.0337
8.37729
10.1048
8.95311
4.82637
3.86667
4.25055
3.86667
3.19487
6.16996
8.08938
12.8879
11.4484
7.60952
8.85714
9.62491
9.337
10.9685
8.56923
4.92234
3.48278
3.57875
1.94725
-2.27546
3.57875
3.57875
0.0278388
0.507692
1.37143
1.65934
3.29084
0.795604
0.21978
0.0278388
4.05861
2.71502
1.56337
6.74579
6.64982
3.67473
5.97802
3.96264
4.63443
6.84176
3.19487
1.37143
1.94725
5.30623
3.67473
4.34652
2.42711
0.507692
0.891575
-0.0681319
-0.739927
-1.50769
-0.260073
1.17949
-0.0681319
0.21978
2.61905
3.86667
8.85714
9.62491
8.76117
5.88205
7.0337
3.7707
-0.452015
-2.75531
-3.33114
-2.17949
0.699634
3.86667
6.26593
5.4022
5.01832
2.42711
1.56337
1.37143
0.699634
1.94725
-1.12381
-6.11429
-5.63443
-1.12381
-1.60366
2.04322
6.3619
2.90696
3.7707
1.17949
4.25055
0.795604
0.891575
0.507692
0.12381
-2.17949
1.27546
1.4674
0.795604
-0.835897
-2.85128
-5.05861
-0.452015
0.699634
-1.12381
-0.452015
-2.75531
2.71502
4.63443
6.55385
4.7304
-0.260073
-3.71502
-2.17949
-1.21978
-2.85128
-4.29084
-0.739927
-1.60366
-1.21978
1.08352
1.27546
0.987546
1.94725
0.699634
1.37143
-0.0681319
-1.60366
-0.0681319
1.08352
3.29084
1.37143
-3.90696
-4.19487
-4.7707
-8.22564
-5.92234
-4.29084
-1.69963
-1.7956
-2.94725
-2.85128
-6.30623
-2.75531
3.57875
6.16996
7.89744
5.59414
4.63443
0.603663
0.507692
-1.21978
-4.19487
-5.44249
-6.30623
-9.08938
-6.78608
-3.90696
-2.27546
-1.50769
-1.60366
-4.7707
-3.23516
-3.61905
-6.4022
-10.8168
-11.8725
-8.80147
-8.51355
-8.41758
-7.16996
-4.38681
-2.56337
-1.12381
5.30623
7.80147
2.71502
1.56337
-2.94725
-6.11429
-2.94725
-2.65934
0.603663
1.08352
-2.94725
-3.33114
-2.56337
-1.31575
-1.41172
-1.12381
1.85128
2.52308
2.52308
1.75531
-0.547985
-1.31575
-0.739927
-0.547985
-3.61905
-3.23516
-3.90696
-3.90696
3.38681
3.48278
3.00293
1.37143
1.08352
1.17949
-0.356044
-0.0681319
-1.02784
-1.31575
-1.21978
-0.643956
-1.60366
-0.164103
-1.69963
0.315751
1.85128
2.90696
4.63443
4.25055
5.88205
6.74579
5.11429
5.59414
7.22564
7.12967
8.18535
6.45788
9.43297
5.49817
8.08938
6.26593
-0.356044
-3.42711
-4.38681
-3.90696
-2.65934
-2.85128
-7.26593
-8.99341
-5.63443
-4.67473
-5.44249
-4.57875
-5.63443
-7.26593
-3.61905
-9.08938
-7.74579
-6.59414
-8.12967
-8.60952
-7.93773
-6.4022
-3.81099
-6.88205
-5.82637
-7.3619
-2.27546
-0.643956
0.315751
4.05861
0.0278388
-4.48278
-3.33114
-4.38681
-7.64982
-5.25055
-6.59414
0.699634
-0.164103
-3.13919
-1.50769
-0.260073
0.21978
-1.98755
-4.00293
-4.57875
-2.27546
1.17949
2.81099
2.42711
2.52308
1.85128
4.15458
4.25055
6.64982
5.97802
3.48278
4.44249
3.29084
3.7707
3.38681
1.85128
-3.42711
-1.41172
-2.4674
-0.260073
-2.56337
-3.52308
-1.98755
1.4674
1.27546
4.34652
5.69011
5.59414
4.82637
7.0337
5.69011
4.63443
4.15458
2.13919
1.37143
1.08352
1.56337
4.25055
5.30623
2.13919
4.53846
-0.0681319
0.987546
-0.931868
1.94725
0.12381
0.0278388
6.3619
3.29084
-0.356044
-0.643956
-2.37143
-0.643956
-0.643956
2.04322
0.699634
-3.13919
-2.75531
-2.27546
-1.60366
-0.643956
1.94725
4.34652
7.99341
6.55385
4.15458
1.17949
2.90696
5.49817
-0.356044
-2.17949
-4.48278
-8.70549
-7.45788
-7.55385
-3.04322
-3.71502
-3.04322
0.507692
-0.356044
0.987546
-0.164103
0.411722
-2.56337
-1.21978
-2.85128
-4.96264
-2.27546
0.21978
0.891575
4.7304
5.4022
2.81099
0.795604
1.4674
2.42711
3.67473
3.19487
3.57875
3.67473
2.42711
3.7707
3.96264
5.88205
5.49817
7.32161
7.0337
10.0088
6.84176
7.0337
7.22564
5.21026
4.63443
4.15458
3.00293
4.53846
6.45788
2.71502
1.27546
1.75531
0.315751
0.0278388
-2.27546
-3.04322
-2.65934
-4.67473
-5.34652
-6.49817
-10.7209
-8.12967
-7.16996
-7.45788
-5.15458
-4.29084
-3.23516
-5.82637
-6.11429
-4.00293
-8.32161
-7.26593
-10.8168
-10.433
-8.22564
-7.45788
-3.42711
-2.75531
-3.90696
-6.21026
-7.45788
-3.71502
-6.78608
-1.89158
-5.44249
-7.16996
-7.93773
-8.32161
-10.0491
-5.25055
-6.69011
-1.89158
-7.3619
-6.78608
-8.51355
-9.6652
0.699634
-3.42711
3.57875
-7.3619
-4.7707
-9.28132
-12.2564
-12.7363
-10.433
-13.1201
-9.95311
-8.99341
-10.7209
-10.5289
-8.22564
-8.32161
-8.99341
-7.16996
-6.59414
-10.0491
-9.76117
-7.55385
-4.0989
-6.01832
-2.85128
-3.52308
0.12381
-2.17949
1.4674
3.86667
1.17949
4.44249
1.85128
5.88205
5.30623
3.00293
-0.547985
1.75531
4.15458
7.60952
5.49817
6.93773
4.44249
4.7304
5.59414
8.47326
9.24103
7.80147
3.67473
0.12381
7.80147
2.42711
2.52308
-1.12381
0.699634
-3.42711
-2.4674
-6.69011
-3.52308
-5.05861
-4.57875
-1.21978
0.603663
-1.60366
-2.65934
-6.78608
-4.96264
-9.18535
-7.26593
-5.53846
-6.78608
-6.01832
-6.01832
-10.5289
-9.95311
-11.8725
-4.86667
-7.26593
-8.0337
-11.7766
-8.70549
-0.0681319
-2.4674
1.17949
7.41758
0.603663
7.60952
9.337
8.08938
8.47326
6.26593
4.92234
5.88205
4.34652
4.05861
5.49817
6.74579
10.6806
9.91282
10.1048
1.65934
4.25055
2.42711
4.15458
4.82637
6.3619
7.60952
5.4022
8.37729
8.37729
8.18535
8.56923
2.81099
5.97802
9.81685
8.85714
7.32161
9.62491
8.76117
8.47326
8.47326
12.0242
8.76117
7.60952
6.26593
6.55385
8.6652
6.84176
2.71502
2.42711
-0.164103
1.85128
6.55385
5.30623
4.7304
1.27546
0.699634
5.30623
4.34652
0.0278388
0.411722
0.507692
3.57875
3.29084
1.75531
2.81099
0.411722
-1.21978
-3.33114
-3.71502
-5.34652
-6.01832
-5.63443
-5.34652
-5.34652
-6.11429
-6.4022
-6.01832
-7.16996
-9.85714
-9.47326
-5.44249
-7.84176
-5.92234
-6.97802
-3.42711
-0.356044
2.81099
2.04322
-0.547985
-2.37143
-1.41172
-6.01832
-1.41172
0.507692
-4.0989
-5.05861
-9.85714
-11.2007
-10.1451
-7.45788
-4.96264
-10.1451
-8.89744
-8.0337
-6.69011
-8.12967
-5.82637
-4.0989
-2.65934
-6.01832
-4.57875
-3.23516
-2.56337
-2.75531
-0.356044
-7.84176
-5.05861
-9.6652
-12.5443
-12.0645
-13.6
-10.6249
-14.0799
-13.1201
-12.6403
-15.1355
-13.6
-18.3985
-15.7114
-16.863
-16.0952
-14.6557
-14.7516
-10.7209
-11.2007
-10.7209
-11.0088
-9.37729
-9.08938
-10.1451
-9.47326
-6.78608
-3.23516
-5.44249
0.0278388
0.12381
-1.12381
0.21978
-0.643956
-0.260073
-0.164103
2.71502
-0.835897
2.33114
-2.85128
-4.38681
-0.260073
1.08352
-3.42711
-2.94725
-4.0989
-4.0989
-4.7707
-6.69011
-7.93773
-7.55385
-3.33114
-5.7304
-4.96264
0.0278388
2.61905
2.33114
1.17949
3.7707
2.52308
3.67473
4.15458
7.32161
5.30623
-4.67473
3.29084
3.19487
-3.23516
-7.26593
-6.97802
-6.49817
-8.0337
-11.1048
-12.1604
-7.64982
-5.15458
-3.71502
-3.61905
-2.4674
-3.33114
-4.67473
-7.26593
-3.13919
0.315751
0.411722
-3.04322
-1.69963
0.0278388
1.4674
-0.931868
-2.56337
-5.53846
-4.67473
-1.50769
-0.260073
-0.547985
-6.01832
-7.3619
-2.65934
-0.260073
0.315751
0.507692
-0.547985
1.65934
-1.60366
2.33114
5.11429
6.64982
5.30623
6.55385
4.53846
4.44249
1.56337
-0.931868
0.0278388
-0.356044
0.411722
0.21978
0.411722
-0.164103
-1.12381
-1.31575
-4.57875
-2.17949
-1.31575
1.56337
2.23516
2.52308
7.12967
-1.21978
3.38681
0.795604
2.61905
4.53846
6.84176
10.7766
18.0703
6.45788
21.5253
29.107
9.24103
6.07399
3.19487
2.23516
7.70549
7.60952
11.8322
16.4388
17.1106
17.9744
15.6711
15.4791
11.7363
14.1355
10.2007
9.04908
15.1912
17.5905
12.2161
12.0242
7.32161
12.2161
11.0645
16.1509
11.5443
8.08938
4.15458
9.04908
5.97802
3.57875
4.05861
3.7707
0.987546
3.57875
-0.260073
0.699634
-2.17949
6.93773
-0.260073
-1.02784
-0.739927
2.52308
1.17949
-0.643956
4.34652
1.75531
8.28132
5.30623
0.795604
4.05861
7.32161
9.337
11.2564
9.337
4.44249
-6.30623
7.12967
-0.547985
3.48278
7.0337
3.67473
5.78608
3.96264
7.22564
3.67473
0.0278388
1.75531
2.13919
5.59414
-1.31575
-0.0681319
5.97802
8.47326
3.19487
4.15458
1.75531
5.59414
8.08938
5.11429
7.32161
5.01832
3.86667
5.30623
2.61905
5.4022
7.32161
9.81685
9.04908
10.8725
14.4234
9.91282
11.0645
8.6652
12.8879
12.3121
10.1048
12.8879
12.4081
11.0645
11.7363
10.7766
11.0645
6.74579
4.53846
3.86667
3.86667
5.49817
1.85128
0.987546
0.12381
0.411722
0.12381
4.34652
5.49817
-3.61905
0.21978
-0.739927
-3.61905
-3.23516
-6.88205
-4.7707
-4.86667
-0.356044
-6.97802
-3.81099
-5.05861
-2.65934
-1.98755
-3.04322
-8.12967
-10.8168
-6.11429
-1.21978
-5.63443
-6.78608
-3.42711
-6.59414
-6.97802
-4.48278
-2.56337
-3.33114
-1.7956
-0.835897
-3.52308
-4.38681
-4.86667
-1.12381
-7.64982
-5.92234
-0.739927
-1.89158
-4.29084
-5.34652
-3.71502
-6.78608
-1.7956
-2.56337
-3.42711
-2.08352
-5.15458
-7.16996
-11.3927
-10.241
-10.7209
-7.93773
-7.74579
-1.21978
-7.3619
-2.17949
-8.51355
-5.34652
-2.85128
-4.29084
-3.13919
-0.356044
0.12381
-3.81099
0.699634
0.699634
-1.12381
-3.81099
-2.65934
-2.56337
-1.50769
-1.21978
-2.37143
-1.60366
-0.164103
1.37143
-0.164103
1.4674
3.19487
5.59414
8.76117
12.4081
3.7707
5.49817
-1.69963
-4.48278
-4.48278
-2.4674
-1.89158
-2.17949
-3.33114
-4.29084
-0.739927
-1.60366
-6.30623
-3.42711
-4.0989
-2.56337
-5.25055
-4.96264
-1.89158
0.12381
1.75531
1.17949
1.85128
3.00293
-5.53846
-3.71502
0.987546
-1.69963
-1.98755
-2.75531
-6.21026
-3.71502
-1.02784
-0.643956
-1.02784
0.795604
0.699634
1.56337
-0.931868
-2.08352
-3.04322
-4.00293
-5.05861
-10.9128
-10.7209
-13.3121
-13.3121
-15.2315
-10.433
-9.95311
-9.08938
-6.4022
-4.86667
-5.44249
-7.93773
-0.643956
-1.31575
0.0278388
-2.56337
0.21978
-4.38681
-5.53846
-6.49817
-3.81099
-3.52308
-0.835897
-4.19487
-6.59414
-8.0337
-2.85128
-7.26593
-8.60952
-7.45788
-11.1048
-10.337
-11.1048
-8.60952
-11.4886
-13.8879
-8.41758
-15.4234
-5.92234
-5.92234
-7.45788
-2.75531
-6.97802
0.12381
0.987546
0.507692
-0.164103
-4.67473
-6.30623
-7.55385
-4.19487
-1.12381
-1.12381
-1.89158
-2.85128
-2.85128
-5.7304
-5.7304
-4.57875
-3.71502
-1.41172
0.0278388
1.65934
-1.12381
0.507692
9.43297
3.19487
3.29084
3.7707
4.25055
1.56337
3.38681
0.411722
-0.835897
1.65934
-1.02784
-0.356044
4.15458
-0.356044
-2.37143
-3.23516
0.315751
1.17949
1.85128
0.795604
0.795604
3.96264
4.44249
-4.67473
-2.08352
-4.67473
2.04322
2.52308
-1.89158
